614295,91,-151,1317,-27,-300,-19,-3120,-40,7628,-23
614322,76,-153,1320,-31,-304,-20,-3124,-50,7634,-23
614350,89,-147,1315,-36,-312,-24,-3117,-48,7653,-23
614377,106,-148,1315,-32,-308,-20,-3119,-40,7640,-23
614404,93,-148,1304,-30,-302,-19,-3129,-47,7581,-23
614432,82,-156,1314,-32,-324,-22,-3126,-67,7616,-23
614459,92,-148,1315,-35,-311,-21,-3125,-50,7691,-23
614486,86,-145,1316,-31,-309,-22,-3134,-33,7616,-23
614512,84,-155,1311,-29,-308,-17,-3142,-20,7583,-23
614541,88,-158,1323,-29,-295,-19,-3118,-66,7632,-24
614586,93,-154,1323,-29,-307,-22,-3127,-47,7631,-24
614612,101,-139,1313,-25,-298,-23,-3134,-34,7604,-23
614641,100,-144,1311,-31,-309,-19,-3122,-63,7618,-23
614668,86,-144,1333,-27,-313,-18,-3122,-71,7637,-23
614694,78,-152,1311,-34,-319,-26,-3127,-38,7654,-23
614721,77,-149,1319,-29,-307,-22,-3126,-22,7586,-23
614750,87,-160,1308,-23,-310,-18,-3137,-51,7594,-23
614776,100,-151,1324,-21,-306,-20,-3124,-68,7649,-23
614803,99,-161,1315,-27,-316,-21,-3120,-45,7602,-23
614832,97,-151,1307,-26,-315,-21,-3129,-27,7593,-23
614877,93,-147,1318,-27,-297,-24,-3132,-74,7654,-23
614903,81,-159,1319,-24,-311,-23,-3122,-58,7641,-23
614932,80,-149,1330,-22,-300,-18,-3127,-23,7585,-23
614959,73,-153,1327,-39,-307,-22,-3130,-41,7594,-23
614985,81,-145,1336,-31,-311,-19,-3122,-69,7636,-23
615014,86,-168,1309,-32,-312,-23,-3126,-39,7623,-23
615041,82,-154,1332,-30,-302,-19,-3119,-39,7600,-23
615067,105,-154,1307,-34,-295,-18,-3131,-55,7574,-23
615094,96,-152,1323,-30,-303,-18,-3122,-65,7644,-23
615122,113,-90,1249,-28,-301,-19,-3131,-57,7657,-23
615168,24,-200,1289,-16,-576,-11,-3113,-13,7615,-23
615194,-127,-192,1251,-166,-2053,157,-3344,-4,7625,-23
615223,95,-65,1138,365,955,1,-3585,-14,7590,-23
615249,274,-400,1360,-339,-114,-460,-3324,20,7567,-23
615276,110,-339,1253,-208,-282,-177,-3258,47,7565,-23
615305,24,0,1438,278,-94,566,-3304,14,7603,-23
615331,129,-124,1513,120,-342,-98,-3281,-24,7608,-23
615358,73,-218,1241,-28,1189,-560,-3102,-8,7597,-23
615385,28,-224,1201,-165,376,-209,-2788,1,7623,-23
615413,62,-153,1347,71,-1006,245,-2896,-23,7663,-23
615458,101,-123,1430,-21,-459,-85,-3092,-18,7634,-23
615485,77,-138,1264,-123,90,-227,-3034,-12,7594,-23
615514,57,-177,1245,-153,-129,-87,-2952,-12,7630,-23
615540,52,-176,1233,-36,-277,-53,-2946,-11,7691,-23
615567,87,-161,1311,118,-627,28,-3004,3,7615,-23
615596,80,-145,1330,-17,-308,-28,-3052,-21,7569,-23
615622,67,-160,1315,-71,-152,-85,-3007,-49,7634,-24
615649,66,-175,1307,-7,-178,-63,-2972,-44,7669,-23
615675,65,-162,1323,25,-342,15,-2957,-25,7637,-23
615704,71,-161,1371,-2,-377,14,-3006,-42,7587,-23
615749,108,-99,1145,88,-351,-214,-2959,-72,7726,-24
615776,-105,-454,1387,39,-1544,159,-3114,-70,7696,-22
615804,298,-177,1871,89,-1005,445,-3533,-89,7521,-23
615831,350,-78,1320,-258,-441,48,-3504,-94,7518,-23
615858,154,-33,1017,-347,-1716,-92,-3856,0,7527,-23
615886,146,-483,1546,107,-1944,366,-4257,-17,7391,-23
615913,583,-63,1369,333,-1146,545,-4483,-57,7279,-23
615940,350,-144,1329,-315,-320,-138,-4634,-50,7277,-23
615966,378,-233,1260,-183,-81,-219,-4600,-46,7327,-23
615995,591,-125,1381,-85,807,-340,-4271,-12,7379,-22
616040,335,-108,1151,87,1289,38,-3673,-44,7508,-22
616067,150,-168,1174,-4,733,-77,-3544,-42,7573,-23
616095,104,-171,1249,85,-325,4,-3353,-32,7572,-23
616122,110,-131,1234,176,-473,98,-3370,-64,7547,-22
616148,176,-119,1368,-13,-565,34,-3488,-84,7516,-22
616177,148,-157,1377,-116,-311,-53,-3509,-88,7584,-24
616204,146,-148,1261,-140,-40,-28,-3453,-51,7583,-23
616230,-52,-89,1310,3,-799,-309,-3530,-89,7456,-23
616257,75,-145,1422,172,-565,183,-3591,-128,7486,-23
616286,573,171,1412,-161,-306,-737,-3580,-143,7507,-23
616331,100,-242,1328,-11,-240,-654,-3322,-164,7489,-23
616357,193,-115,1342,46,32,-369,-3271,-204,7495,-23
616386,50,-112,1289,-112,191,-786,-3181,-223,7537,-23
616413,178,-211,1337,156,-174,-441,-2988,-259,7548,-23
616439,124,-45,1390,159,-38,156,-2977,-295,7486,-23
616466,273,-89,1382,-133,141,-259,-2824,-336,7452,-23
616495,-82,-157,1221,52,291,-480,-2692,-386,7483,-23
616521,70,-174,1306,247,-191,-311,-2603,-409,7500,-24
616548,87,-92,1327,180,-347,-68,-2607,-439,7413,-24
616577,73,-123,1346,-34,-575,-84,-2645,-469,7433,-23
616622,8,-76,1344,-195,-954,683,-2859,-467,7468,-23
616648,112,-94,1345,-72,-1034,726,-3208,-379,7390,-24
616677,290,-59,1345,97,493,105,-3201,-358,7413,-23
616704,170,-140,1224,-57,897,-247,-2803,-311,7553,-23
616730,138,-157,1237,-135,91,113,-2693,-268,7591,-23
616757,59,-124,1188,22,-281,334,-2681,-255,7573,-23
616785,108,-111,1354,118,-857,429,-2899,-273,7510,-23
616812,102,-104,1396,159,-496,213,-2958,-337,7521,-23
616839,23,-135,1340,-60,-120,123,-2984,-349,7556,-23
616865,1293,131,1212,-301,-56,124,-2909,-258,7505,-24
616912,45,-128,1387,430,-215,-67,-2955,-400,7405,-24
616939,162,-102,1385,154,-395,63,-3001,-501,7398,-22
616968,62,-65,1395,-99,-580,93,-3050,-479,7376,-22
616994,316,4,1589,-209,34,-177,-3053,-434,7346,-22
617021,40,-15,1378,-148,1002,-1316,-2652,-498,7380,-24
617048,-24,1,1177,-131,729,-1252,-2388,-503,7428,-23
617076,-173,-248,1344,75,152,-677,-2198,-471,7415,-23
617103,-131,-208,1382,19,-851,240,-2185,-491,7347,-24
617129,-128,-134,1439,-66,-827,400,-2309,-524,7379,-23
617156,59,-38,1374,-307,-885,243,-2499,-452,7467,-23
617203,192,-128,1414,67,-1041,624,-2817,-409,7424,-23
617230,42,-41,1751,542,-925,473,-2991,-454,7394,-23
617259,569,133,1266,366,-210,412,-3080,-593,7430,-25
617285,670,-54,1346,417,-553,101,-3102,-613,7419,-23
617312,58,-145,1629,811,-871,600,-3170,-687,7341,-24
617338,21,382,1560,747,-296,568,-3331,-908,7253,-24
617367,477,21,1391,449,-638,-96,-3312,-969,7302,-23
617394,433,-129,1525,995,-1425,502,-3600,-1188,7147,-23
617420,-86,-86,1910,900,-933,547,-3751,-1289,7038,-23
617449,215,466,1270,411,-204,512,-3781,-1361,7006,-23
617494,126,190,1601,753,-663,-278,-3676,-1661,6951,-23
617521,225,138,1640,750,-284,-278,-3575,-1725,6856,-23
617549,322,260,1464,1001,-176,-443,-3436,-1844,6755,-23
617576,346,580,1143,822,-345,-935,-3065,-2130,6587,-23
617603,439,418,1113,924,-536,-904,-2897,-2207,6475,-23
617631,138,173,1319,1277,-692,-304,-2814,-2357,6043,-23
617658,392,236,1366,1409,-326,-318,-2801,-2490,5828,-23
617684,132,486,1078,631,-196,-1116,-2713,-2586,5685,-23
617711,-69,424,1132,1002,1,-1100,-2424,-2695,5479,-23
617740,136,461,999,1125,156,-740,-2301,-2768,5268,-23
617785,69,657,1133,753,-301,-581,-2191,-2861,5053,-23
617811,-73,519,1001,944,608,-759,-1997,-3015,4858,-23
617840,26,657,943,623,752,-440,-1829,-3035,4734,-23
617867,-171,610,1007,553,621,-339,-1641,-3054,4517,-23
617893,36,416,1182,656,134,-459,-1537,-3130,4439,-23
617922,-340,801,907,380,108,-407,-1464,-3192,4371,-23
617949,-40,563,936,401,575,63,-1352,-3168,4226,-23
617975,-149,640,1003,443,647,282,-1342,-3203,4125,-23
618002,23,586,1016,221,-154,-197,-1303,-3307,4046,-23
618031,222,1104,630,2085,-346,-265,-1280,-3367,3910,-23
618076,-404,744,1281,176,577,37,-1148,-3421,3651,-23
618104,-210,787,1015,16,-327,-636,-1051,-3471,3584,-23
618131,-88,891,711,-487,63,-506,-943,-3445,3658,-23
618158,-324,971,965,123,469,101,-872,-3432,3667,-23
618184,-563,733,1121,425,108,527,-904,-3434,3518,-23
618213,-507,880,1065,514,50,1090,-1092,-3546,3418,-22
618240,-251,1115,893,417,128,1465,-1527,-3700,3274,-24
618266,-2,1060,959,84,104,887,-1665,-3718,3234,-23
618293,-284,1000,1011,281,-230,280,-1735,-3709,3198,-23
618321,-668,1511,837,732,-13,451,-1915,-3811,3010,-22
618366,23,1086,755,901,-405,504,-2136,-3957,2775,-23
618395,-122,966,921,1127,-1130,-247,-2183,-3983,2614,-23
618422,-118,988,763,1614,-960,179,-2149,-4102,2202,-22
618448,-320,1262,494,1998,-740,587,-2220,-4151,1978,-24
618475,-159,1215,278,1462,-815,138,-2362,-4225,1471,-22
618504,32,1256,524,1210,-697,-572,-2311,-4116,1288,-22
618530,40,1306,660,1006,-386,-888,-2135,-4087,1143,-23
618557,-467,1339,521,1290,68,-924,-1764,-4112,828,-23
618584,-424,1230,139,1269,-67,-180,-1703,-4073,618,-23
618612,170,1353,771,1305,-81,151,-1743,-4018,459,-23
618657,-258,1283,-135,764,-195,1729,-2106,-3966,-145,-23
618686,247,1036,-52,130,-1323,1896,-2421,-3960,-230,-23
618713,259,1253,442,-2,-654,1677,-3010,-3841,-239,-22
618739,288,1284,109,1057,-1161,1585,-3208,-3797,-365,-23
618766,363,1267,28,775,-1076,1273,-3411,-3764,-518,-23
618795,476,1355,82,643,-590,639,-3649,-3683,-737,-23
618821,250,1269,252,308,302,-291,-3643,-3626,-753,-23
618848,-944,916,120,738,1188,-51,-3654,-3586,-791,-22
618874,773,1118,-597,556,-574,2443,-4133,-3446,-1002,-24
618903,1619,1389,279,-582,361,-63,-4464,-3402,-1001,-24
618948,-275,1276,-26,-244,233,-167,-4281,-3420,-660,-24
618977,360,1411,391,-167,338,624,-4422,-3446,-579,-24
619003,636,1397,228,85,-25,738,-4562,-3440,-565,-22
619030,614,1403,77,-15,1,103,-4699,-3329,-544,-24
619059,820,1336,73,-2,-510,-276,-4655,-3315,-561,-24
619085,785,1221,-135,-145,-163,-393,-4555,-3375,-486,-23
619112,750,1487,361,-535,2147,-1977,-4410,-3582,-317,-23
619139,-535,1218,148,-65,118,-2110,-4104,-3641,-185,-23
619167,-61,1190,24,-20,-927,-528,-3730,-3670,-285,-23
619194,59,1302,22,-237,36,-488,-3676,-3718,-264,-23
619239,93,1503,689,-543,-827,723,-3667,-3775,-68,-23
619268,700,1487,492,403,-296,-96,-3827,-3688,-112,-23
619294,37,1249,-152,531,3,-410,-3751,-3681,-176,-24
619321,-309,1153,-32,-326,-2090,374,-3716,-3742,-295,-24
619347,181,1663,451,-263,-2798,1175,-3830,-3659,-301,-23
619376,481,1625,381,-357,-1239,1179,-3956,-3571,-357,-23
619403,721,1131,431,-151,-138,519,-4235,-3576,-291,-23
619429,261,1135,50,84,-407,37,-4246,-3597,-297,-23
619458,292,1825,73,-292,-1251,566,-4259,-3579,-299,-23
619485,383,1283,-1,-302,-1533,789,-4394,-3466,-375,-23
619530,666,1139,-100,-438,-1376,-251,-4400,-3518,-420,-23
619558,387,1446,408,-1112,-1630,-416,-4150,-3628,-280,-23
619585,559,1471,348,-501,-1636,-88,-4081,-3607,-263,-23
619612,475,1808,472,-75,-1010,-593,-3987,-3630,-287,-23
619640,724,1863,348,158,-888,-733,-3742,-3757,-385,-23
619667,575,1404,276,-58,-381,-1395,-3560,-3797,-394,-23
619694,20,588,388,571,-1044,-1864,-3266,-3804,-420,-25
619720,168,1040,319,1341,-246,-1991,-2595,-3792,-779,-22
619749,-245,1249,-132,1342,1126,-2193,-2305,-3759,-999,-24
619776,-24,1272,-358,467,1490,-2039,-1844,-3690,-1125,-24
619823,-46,1356,530,714,-1667,248,-1584,-3603,-1224,-24
619849,348,1313,65,764,-1695,606,-1567,-3581,-1349,-24
619876,-287,1295,-123,126,89,-163,-1608,-3567,-1437,-24
619902,-396,967,-115,33,-71,61,-1655,-3523,-1441,-24
619931,371,1228,697,493,-519,482,-1718,-3474,-1492,-24
619958,356,1562,-215,979,19,281,-1857,-3393,-1845,-22
619984,-27,1182,-205,330,36,567,-1931,-3353,-1890,-23
620011,45,1126,-379,281,85,557,-2202,-3219,-1978,-23
620040,291,1053,-424,429,-302,332,-2295,-3166,-2053,-23
620066,106,1350,-520,441,-111,34,-2317,-3130,-2133,-23
620113,191,1557,-90,-677,-817,651,-2458,-3119,-1984,-22
620140,475,1230,-45,-723,-685,602,-2532,-3140,-1903,-23
620167,109,1091,-251,-411,32,-161,-2556,-3185,-1838,-22
620193,-240,1731,-76,-349,-202,233,-2595,-3233,-1682,-23
620222,64,1769,38,-355,-770,656,-2655,-3198,-1614,-23
620249,152,1604,-37,-313,-1235,625,-2761,-3174,-1523,-23
620275,475,1318,16,-124,-1103,655,-2796,-3198,-1581,-23
620302,148,1472,174,-135,-358,114,-2836,-3229,-1556,-23
620331,393,1419,228,1,-187,63,-2885,-3150,-1525,-23
620357,503,1345,150,207,156,-108,-2909,-3110,-1541,-23
620404,91,1346,-98,501,-95,-227,-2942,-3091,-1648,-23
620431,120,1428,-249,469,-561,142,-2935,-2951,-1723,-23
620457,293,1380,-224,252,-457,209,-2955,-2882,-1760,-23
620484,326,1343,-202,33,-169,89,-2981,-2870,-1824,-23
620513,235,1358,-285,-13,-262,137,-3009,-2889,-1795,-23
620539,407,1635,-208,-117,-482,0,-3029,-2870,-1760,-22
620566,212,1268,1,-292,-548,-216,-2929,-2849,-1724,-23
620593,404,1208,-256,426,-343,-224,-2908,-2864,-1759,-23
620621,340,1261,-251,397,45,-491,-2810,-2857,-1797,-23
620648,331,1478,-163,231,157,-435,-2779,-2821,-1811,-23
620695,164,1294,-202,-307,1120,-1113,-2715,-2827,-1717,-23
620722,79,1284,31,-458,1471,-1038,-2655,-2997,-1564,-23
620748,105,1261,-9,71,-175,-876,-2535,-2977,-1535,-23
620777,-190,1491,-104,297,-698,-570,-2413,-2913,-1544,-23
620804,-134,1344,-190,62,-937,-62,-2186,-2887,-1581,-23
620830,124,1323,-91,-95,-237,-264,-2143,-2941,-1587,-22
620857,-33,1371,-47,-390,569,-764,-2054,-2954,-1431,-23
620886,-94,1353,-54,-518,590,-405,-2058,-2948,-1352,-23
620912,63,1281,76,-409,-295,-13,-2049,-2979,-1287,-23
620939,-108,1485,-99,-17,-909,179,-1995,-3033,-1246,-23
620986,-43,1600,-168,-266,-114,-43,-2049,-2948,-1219,-23
621012,7,1238,-80,-270,191,-250,-2050,-2955,-1182,-22
621039,150,1376,79,54,-241,-124,-2016,-3009,-1161,-23
621066,-5,1121,-441,317,-976,63,-1971,-2992,-1187,-23
621094,519,1565,92,-72,-1919,1370,-2073,-2914,-1203,-22
621121,102,1433,55,-120,-153,-488,-2008,-2907,-1163,-22
621148,-512,1395,-212,-143,724,-995,-1929,-2966,-1171,-24
621176,84,1453,90,-215,262,10,-1906,-3010,-1091,-22
621203,66,1346,24,-40,181,-222,-1931,-2971,-1069,-22
621230,65,1365,-110,190,-500,143,-1929,-2949,-1089,-24
621277,-161,1373,-137,418,-1074,-259,-1810,-2906,-1229,-22
621303,-76,1384,-144,313,-730,-209,-1731,-2871,-1243,-22
621330,-128,1403,-98,64,-232,-155,-1684,-2810,-1288,-23
621357,30,1403,-54,-5,-144,69,-1705,-2824,-1285,-23
621385,-47,1422,-161,-9,-218,3,-1721,-2854,-1309,-23
621412,219,1410,-102,-98,-815,278,-1748,-2826,-1253,-24
621438,-39,1367,-60,-148,-1111,363,-1733,-2811,-1247,-22
621467,33,1536,-79,-161,-710,168,-1721,-2829,-1259,-23
621494,-82,1396,-88,-108,-350,171,-1710,-2928,-1239,-22
621520,-128,1454,-18,-177,-40,218,-1757,-2911,-1193,-22
621568,42,1323,-79,-126,-249,155,-1890,-2913,-1176,-23
621594,108,1356,-71,-80,-315,146,-1906,-2948,-1175,-22
621621,63,1422,-19,-130,-288,286,-1955,-2941,-1143,-24
621647,63,1345,-76,-108,-238,190,-2045,-2902,-1104,-24
621676,100,1314,-4,-39,-287,90,-2053,-2938,-1135,-23
621703,226,1540,-65,32,-109,-42,-2062,-2968,-1120,-23
621729,126,1428,1,9,-314,94,-2091,-2943,-1111,-23
621756,49,1397,-84,117,205,-153,-2090,-2906,-1117,-23
621785,2,1394,-97,86,84,-21,-2124,-2930,-1172,-23
621811,58,1408,-79,6,-194,107,-2136,-2948,-1155,-23
621858,105,1377,-76,35,-115,68,-2238,-2880,-1124,-23
621885,164,1406,-109,-3,-283,3,-2241,-2889,-1147,-23
621912,125,1388,-67,-44,-370,-131,-2226,-2924,-1184,-23
621938,101,1365,-73,-32,-300,-187,-2211,-2924,-1151,-23
621967,76,1384,-54,-45,-313,-171,-2159,-2876,-1147,-23
621993,18,1321,-39,-55,-219,-174,-2138,-2886,-1155,-23
622020,-8,1352,-5,-12,126,24,-2141,-2947,-1141,-23
622047,94,1376,-89,-17,65,42,-2172,-2931,-1118,-23
622075,94,1341,-45,-68,-193,4,-2220,-2893,-1121,-23
622102,53,1358,-49,-22,-46,-12,-2228,-2893,-1115,-23
622149,36,1420,-52,-14,-286,190,-2263,-2923,-1095,-23
622176,147,1429,-71,6,-324,168,-2302,-2845,-1091,-23
622202,159,1352,-99,-111,-508,30,-2336,-2860,-1097,-22
622229,101,1370,-59,-115,-456,-54,-2301,-2898,-1112,-23
622258,64,1426,-9,-55,-395,-19,-2277,-2933,-1092,-23
622284,137,1473,-73,-63,-207,-16,-2300,-2874,-1062,-22
622311,107,1363,-71,-129,-102,-72,-2314,-2875,-1064,-23
622340,96,1312,-74,-13,-249,-5,-2321,-2937,-1086,-22
622366,143,1341,-59,60,-456,100,-2335,-2926,-1068,-24
622393,88,1368,-49,-18,-517,206,-2370,-2873,-1091,-23
622440,111,1394,-45,41,-15,119,-2362,-2914,-1105,-23
622467,189,1444,-81,61,-169,207,-2401,-2949,-1110,-23
622493,134,1396,-82,-114,-110,104,-2481,-2870,-1060,-24
622520,105,1395,-82,-100,-238,0,-2499,-2872,-1055,-23
622548,152,1324,-68,-24,-296,-74,-2471,-2881,-1098,-24
622575,156,1380,-67,12,-246,-75,-2465,-2911,-1095,-23
622602,166,1390,-95,-17,-225,-118,-2455,-2884,-1090,-23
622628,111,1388,-56,-60,-298,-175,-2408,-2860,-1088,-22
622657,84,1356,-44,-23,-365,-148,-2380,-2900,-1110,-23
622684,160,1521,-71,34,-389,-88,-2343,-2922,-1096,-23
622731,138,1391,-87,-98,-586,-160,-2250,-2875,-1091,-23
622757,88,1395,-49,-113,-747,-188,-2199,-2902,-1100,-23
622784,81,1390,-66,-55,-516,-186,-2128,-2947,-1096,-23
622811,21,1391,-26,-33,-383,-143,-2076,-2938,-1068,-23
622839,85,1398,-10,70,-247,-40,-2066,-2892,-1073,-23
622866,57,1392,-58,167,-75,-52,-2057,-2897,-1145,-23
622893,107,1395,-111,208,-152,-11,-2064,-2936,-1165,-23
622919,133,1384,-129,111,-179,-228,-2070,-2904,-1161,-23
622948,28,1379,-104,45,-265,-331,-2000,-2841,-1184,-22
622974,122,1065,132,0,-101,132,-1957,-2857,-1203,-23
623022,-165,1422,-65,143,-199,7,-2054,-2864,-1230,-23
623048,78,1414,-43,-123,-644,37,-2066,-2788,-1201,-23
623075,174,1383,-185,122,-127,211,-2091,-2803,-1218,-23
623101,171,1374,-142,-26,-343,70,-2125,-2859,-1234,-22
623130,42,1399,-123,-203,-662,-143,-2076,-2856,-1195,-22
623157,42,1383,-82,-221,-674,-70,-2062,-2841,-1159,-24
623183,70,1389,-120,-144,-367,-66,-2007,-2852,-1152,-23
623210,53,1391,-97,-83,-208,-115,-1994,-2909,-1155,-23
623239,29,1390,-57,-80,-148,-67,-1986,-2913,-1141,-23
623265,28,1394,-57,-40,-197,16,-2025,-2859,-1132,-23
623312,105,1385,-68,45,-363,100,-2038,-2886,-1140,-23
623339,128,1396,-64,84,-390,8,-2048,-2880,-1170,-23
623366,128,1384,-82,158,-296,-71,-2054,-2835,-1164,-23
623392,65,1387,-115,140,-322,-155,-2018,-2791,-1199,-23
623421,19,1398,-80,87,-429,-146,-1953,-2844,-1241,-23
623448,13,1394,-117,140,-326,-78,-1922,-2840,-1259,-23
623474,18,1400,-153,98,-207,-84,-1919,-2812,-1278,-23
623503,121,1397,-133,34,-227,-105,-1899,-2776,-1294,-23
623529,93,1377,-159,21,-210,-330,-1868,-2791,-1327,-23
623556,16,1397,-160,-34,-307,-377,-1755,-2810,-1316,-23
623603,69,1373,-141,-59,-278,-175,-1720,-2767,-1319,-23
623630,-52,1384,-140,-58,-208,-224,-1678,-2780,-1317,-23
623656,-507,1446,-744,-183,-350,-6,-1647,-2846,-1308,-23
623683,265,1345,265,-1192,-711,446,-1726,-2891,-1166,-23
623712,-18,1401,-34,-2,-345,-47,-1737,-2890,-1088,-24
623738,88,1392,-79,-48,-459,116,-1752,-2934,-1120,-22
623765,87,1397,-49,-47,-354,19,-1742,-2949,-1108,-22
623794,18,1392,-62,-12,-379,-41,-1751,-2901,-1106,-22
623820,-38,1389,-45,10,-498,-4,-1740,-2882,-1098,-22
623847,56,1391,-77,-13,-541,119,-1740,-2908,-1115,-22
623894,-14,1392,-60,-29,-328,-76,-1719,-2885,-1102,-23
623921,32,1394,-73,-30,-335,-47,-1711,-2878,-1094,-23
623947,4,1384,-45,-35,-318,-89,-1686,-2911,-1155,-23
623976,-132,1409,-97,7,-198,-192,-1668,-2932,-1136,-23
624003,-25,1386,-79,-60,-328,23,-1661,-2938,-1127,-22
624029,114,1380,-64,-74,-359,20,-1690,-2869,-1102,-22
624056,-47,1401,-55,-13,-278,-91,-1657,-2910,-1127,-22
624084,-65,1409,-101,11,-209,-55,-1652,-2949,-1135,-24
624111,23,1385,-54,-14,-220,-23,-1668,-2914,-1130,-23
624138,-6,1372,-19,58,-82,-64,-1672,-2888,-1126,-23
624185,10,1393,45,122,-2,72,-1747,-2924,-1199,-24
624211,65,1374,-87,99,-61,-10,-1765,-2901,-1206,-24
624238,6,1385,-99,51,-119,-33,-1790,-2856,-1220,-24
624267,17,1372,-100,3,-366,0,-1775,-2851,-1247,-23
624293,-2,1393,-94,-15,-352,10,-1784,-2883,-1254,-23
624320,10,1400,-100,2,-282,41,-1790,-2902,-1243,-24
624347,48,1385,-90,36,-197,-14,-1826,-2819,-1214,-24
624375,13,1391,-122,29,-207,-62,-1829,-2822,-1241,-23
624402,-3,1395,-122,19,-242,-32,-1815,-2869,-1272,-23
624429,41,1385,-123,10,-194,-50,-1820,-2860,-1253,-23
624476,46,1394,-93,-40,-210,-17,-1833,-2796,-1264,-22
624502,28,1398,-131,-31,-323,-19,-1821,-2864,-1282,-23
624529,28,1391,-103,-56,-339,-49,-1826,-2873,-1276,-23
624558,4,1387,-127,-42,-279,-59,-1814,-2848,-1245,-23
624584,11,1383,-95,-51,-308,-29,-1833,-2830,-1271,-23
624611,5,1386,-102,-61,-324,-56,-1810,-2858,-1273,-23
624637,-31,1397,-74,-38,-323,-32,-1804,-2872,-1264,-23
624666,-10,1390,-84,10,-300,24,-1813,-2823,-1246,-23
624693,15,1395,-112,31,-313,43,-1821,-2798,-1262,-23
624719,34,1390,-121,-10,-333,7,-1820,-2858,-1288,-23
624766,0,1393,-114,-44,-341,-3,-1833,-2836,-1258,-23
624793,12,1380,-101,-49,-344,7,-1853,-2807,-1237,-23
624820,4,1380,-108,-52,-297,-30,-1831,-2847,-1265,-22
624848,18,1396,-102,-61,-291,-38,-1840,-2879,-1267,-23
624875,15,1391,-103,-69,-281,-47,-1839,-2834,-1246,-23
624902,-1,1396,-98,-57,-296,-30,-1837,-2821,-1233,-23
624930,27,1402,-123,-45,-330,-23,-1831,-2833,-1261,-23
624957,2,1389,-98,-31,-317,-18,-1834,-2882,-1256,-23
624984,15,1389,-94,-22,-309,-1,-1841,-2848,-1231,-23
625010,6,1388,-83,-14,-289,-18,-1850,-2827,-1229,-23
625057,14,1397,-99,-16,-279,-47,-1830,-2876,-1270,-23
625084,-5,1388,-136,-2,-276,-27,-1831,-2875,-1253,-23
625113,23,1384,-128,-15,-297,-10,-1845,-2825,-1252,-23
625139,3,1398,-98,-36,-328,-21,-1833,-2827,-1272,-24
625166,16,1392,-115,-42,-316,-32,-1830,-2869,-1272,-22
625192,0,1389,-114,-50,-290,-49,-1830,-2861,-1246,-22
625221,6,1393,-96,-65,-278,-47,-1832,-2817,-1237,-23
625248,27,1387,-94,-58,-303,-20,-1816,-2861,-1251,-23
625274,-7,1378,-88,-55,-315,-31,-1808,-2894,-1261,-22
625301,-3,1391,-105,-31,-314,-21,-1819,-2881,-1242,-23
625348,17,1394,-98,-9,-310,8,-1838,-2842,-1265,-23
625375,23,1384,-97,1,-341,-11,-1819,-2888,-1277,-23
625403,2,1383,-103,0,-333,-16,-1823,-2894,-1248,-22
625430,25,1386,-120,1,-321,-21,-1826,-2821,-1239,-23
625457,-11,1379,-81,-24,-302,-29,-1823,-2843,-1258,-23
625483,7,1383,-102,-18,-279,-16,-1816,-2876,-1274,-22
625512,21,1388,-112,-22,-281,-13,-1817,-2883,-1265,-23
625539,20,1386,-112,-51,-306,-28,-1826,-2829,-1249,-23
625565,17,1391,-99,-56,-296,-31,-1817,-2835,-1260,-23
625592,20,1386,-89,-58,-311,-24,-1807,-2876,-1278,-23
625639,15,1393,-85,-56,-337,-30,-1811,-2861,-1229,-23
625666,6,1376,-97,-44,-326,-16,-1820,-2855,-1238,-22
625694,9,1396,-110,-43,-317,-22,-1813,-2864,-1261,-23
625721,10,1397,-111,-53,-305,-8,-1814,-2897,-1239,-23
625747,25,1381,-90,-47,-323,-9,-1827,-2848,-1214,-23
625774,18,1400,-95,-43,-337,-18,-1828,-2845,-1228,-23
625803,7,1384,-96,-56,-346,-19,-1802,-2915,-1238,-22
625829,-5,1391,-88,-47,-351,-18,-1823,-2910,-1226,-22
625856,23,1398,-100,-27,-326,2,-1820,-2841,-1266,-22
625885,31,1371,-102,-37,-348,-10,-1829,-2844,-1208,-22
625930,-5,1390,-92,-44,-356,-27,-1805,-2924,-1225,-22
625958,-3,1389,-66,-42,-372,26,-1819,-2858,-1191,-22
625985,24,1386,-59,-18,-330,9,-1817,-2853,-1191,-22
626012,35,1384,-105,18,-302,32,-1833,-2882,-1210,-22
626038,24,1400,-112,13,-282,-14,-1833,-2911,-1238,-22
626067,11,1392,-77,-5,-277,-13,-1835,-2882,-1214,-22
626094,29,1383,-104,-34,-330,9,-1841,-2837,-1230,-23
626120,41,1384,-107,-60,-346,-24,-1840,-2870,-1242,-22
626147,2,1391,-99,-74,-327,-47,-1822,-2908,-1216,-22
626176,24,1393,-65,-48,-361,-2,-1842,-2862,-1188,-22
626221,47,1386,-134,-89,-284,-27,-1826,-2883,-1201,-21
626249,64,1378,-8,-157,-279,-72,-1801,-2907,-1203,-21
626276,-15,1391,-43,-178,-243,-142,-1796,-2920,-1116,-23
626302,12,1391,-74,-78,-266,-58,-1799,-2876,-1111,-22
626329,-14,1395,-59,-76,-268,-52,-1778,-2930,-1138,-22
626358,16,1376,-56,-81,-298,19,-1791,-2953,-1121,-23
626384,14,1378,-31,-45,-308,-14,-1795,-2950,-1093,-23
626411,21,1378,-81,-4,-328,-14,-1801,-2901,-1091,-23
626438,30,1384,-70,-15,-285,-20,-1810,-2925,-1106,-22
626466,-13,1390,-72,-16,-303,7,-1798,-2951,-1119,-22
626511,17,1395,-41,20,-341,20,-1820,-2892,-1092,-22
626540,-16,1383,-63,53,-494,54,-1816,-2886,-1117,-22
626567,-43,1411,-43,69,-482,51,-1801,-2923,-1160,-24
626593,-26,1399,-76,46,-602,188,-1813,-2895,-1142,-23
626620,155,1372,-67,11,-590,228,-1847,-2847,-1152,-22
626649,55,1384,-109,98,-330,9,-1840,-2860,-1186,-22
626675,85,1376,-100,103,-297,-43,-1838,-2892,-1196,-22
626702,3,1398,-105,-9,-252,-4,-1836,-2881,-1199,-22
626728,129,1384,-7,-17,-239,-28,-1863,-2828,-1167,-23
626757,59,1396,-50,57,-88,-134,-1860,-2829,-1197,-23
626802,-41,1392,-9,-45,-75,-103,-1878,-2875,-1201,-23
626831,45,1386,-73,-167,-57,-72,-1880,-2842,-1159,-23
626857,9,1381,-96,-115,-74,-81,-1881,-2841,-1182,-21
626884,-6,1378,-56,-104,-184,-55,-1889,-2917,-1166,-23
626911,-21,1387,-62,-67,-299,-17,-1895,-2911,-1140,-22
626939,35,1381,1,-30,-383,-9,-1905,-2891,-1111,-22
626966,23,1400,-112,-45,-391,-9,-1893,-2884,-1129,-23
626993,62,1374,-31,-85,-297,-26,-1877,-2909,-1158,-23
627019,40,1382,-79,-19,-313,-70,-1887,-2926,-1128,-22
627048,41,1391,-98,-46,-255,-72,-1889,-2875,-1126,-22
627093,-11,1396,-70,-71,-276,-46,-1850,-2897,-1138,-22
627122,-10,1402,-44,-51,-403,-20,-1855,-2945,-1118,-22
627148,-4,1395,-73,1,-456,25,-1848,-2889,-1110,-22
627175,53,1389,-99,-16,-473,34,-1861,-2874,-1110,-22
627202,44,1394,-110,-17,-362,-16,-1853,-2909,-1141,-22
627230,38,1383,-114,-86,-206,-34,-1823,-2927,-1151,-22
627257,52,1374,-37,-89,-59,-113,-1866,-2898,-1083,-22
627283,43,1386,-188,-61,-167,-58,-1865,-2883,-1110,-22
627310,39,1381,-33,-142,-281,-19,-1869,-2918,-1092,-22
627339,-5,1391,-17,-86,-248,-107,-1838,-2968,-1063,-22
627384,-238,1408,-140,50,-313,26,-1846,-2921,-1054,-22
627412,45,1384,3,17,-490,205,-1859,-2912,-1059,-22
627439,63,1390,-129,6,-412,42,-1853,-2953,-1117,-22
627466,18,1386,-71,-74,-313,-75,-1856,-2949,-1074,-24
627492,-4,1390,-67,-67,-320,-27,-1854,-2885,-1082,-22
627521,17,1379,-23,-5,-310,4,-1861,-2921,-1087,-24
627548,16,1382,-75,34,-312,-40,-1859,-2950,-1084,-21
627574,24,1393,-102,16,-361,-11,-1856,-2914,-1088,-22
627601,62,1390,-100,-53,-319,-37,-1848,-2874,-1098,-22
627630,53,1376,-62,-105,-306,-10,-1838,-2944,-1103,-22
627675,-7,1379,-26,-154,-208,-117,-1849,-2968,-1056,-22
627703,-10,1389,-16,-143,-237,-61,-1844,-2937,-1022,-22
627730,33,1392,-31,-99,-294,-44,-1830,-2966,-1019,-22
627757,-29,1384,0,-39,-309,-21,-1808,-3002,-1043,-22
627783,0,1397,-25,38,-312,63,-1830,-3008,-1017,-22
627812,66,1379,-84,20,-354,71,-1872,-2918,-1034,-22
627838,13,1392,-32,-28,-344,-27,-1872,-2940,-1041,-22
627865,3,1383,-16,37,-178,-43,-1858,-2979,-1058,-22
627894,6,1396,-82,11,-251,72,-1874,-2977,-1043,-22
627920,3,1393,-12,-54,-293,31,-1903,-2928,-1057,-22
627965,39,1386,-52,-46,-374,-11,-1907,-2981,-1069,-22
627994,30,1399,-50,-44,-361,-9,-1911,-2980,-1041,-22
628021,40,1382,-39,-13,-375,-2,-1912,-2944,-1037,-22
628047,-87,1393,-51,-95,-360,-82,-1890,-2924,-1050,-22
628074,21,1389,-35,-114,-328,-79,-1892,-2957,-1073,-22
628103,-3,1397,-1,-107,-305,1,-1896,-2982,-1013,-22
628129,9,1403,-44,-64,-306,68,-1908,-2949,-992,-22
628156,57,1372,-49,-112,-292,70,-1917,-2936,-1007,-23
628185,43,1389,-2,-149,-308,-2,-1934,-3013,-997,-23
628211,34,1376,-8,-134,-354,3,-1937,-3012,-955,-22
628256,40,1396,-16,-39,-310,-18,-1945,-2977,-930,-22
628285,33,1388,-14,3,-295,8,-1946,-3012,-964,-22
628312,41,1384,-3,36,-347,25,-1938,-3033,-960,-22
628338,45,1390,-24,29,-348,5,-1955,-2959,-959,-22
628367,52,1391,-14,50,-339,10,-1959,-2951,-978,-22
628393,56,1382,-33,60,-316,17,-1949,-2971,-993,-22
628420,57,1387,-54,60,-304,16,-1962,-3006,-1013,-22
628447,55,1391,-43,42,-305,-7,-1963,-2961,-1002,-22
628475,58,1387,-57,32,-324,-12,-1967,-2922,-999,-22
628502,50,1382,-49,26,-327,-22,-1959,-2960,-1037,-22
628549,29,1387,-37,-4,-323,-46,-1943,-2959,-1030,-22
628576,43,1392,-70,-5,-324,-35,-1956,-2904,-1042,-22
628602,42,1393,-51,-36,-333,-29,-1933,-2916,-1064,-22
628629,64,1393,-60,-60,-325,-24,-1916,-2967,-1078,-22
628658,68,1396,-54,-62,-274,-50,-1931,-2943,-1040,-22
628684,31,1404,-47,-81,-265,-63,-1922,-2918,-1008,-22
628711,38,1394,-49,-77,-283,-64,-1922,-2958,-1006,-22
628738,21,1396,-18,-85,-287,-36,-1899,-2976,-1020,-22
628766,14,1392,-11,-32,-315,-23,-1900,-2980,-1000,-22
628793,31,1402,-37,-21,-332,-19,-1910,-2912,-1011,-22
628840,31,1379,-56,-5,-318,3,-1878,-2988,-1050,-22
628867,40,1385,-48,-3,-331,-2,-1891,-2975,-1029,-22
628893,62,1398,-66,-10,-341,2,-1902,-2913,-1017,-22
628920,37,1374,-32,-37,-342,-38,-1908,-2930,-1022,-22
628948,22,1390,-40,-54,-322,-45,-1870,-2989,-1068,-22
628975,33,1385,-51,-28,-276,-17,-1881,-2980,-1027,-22
629002,39,1390,-45,-10,-256,-17,-1898,-2936,-1016,-22
629028,25,1387,-47,5,-245,-13,-1893,-2940,-1054,-22
629057,27,1385,-47,15,-291,17,-1883,-2981,-1059,-22
629084,39,1397,-58,11,-357,60,-1897,-2977,-1034,-22
629131,58,1383,-57,-15,-354,41,-1928,-2898,-1060,-22
629157,74,1391,-65,-37,-319,-11,-1926,-2949,-1065,-22
629184,45,1388,-57,-71,-244,-56,-1931,-2953,-1041,-21
629211,24,1389,-54,-64,-255,-52,-1922,-2921,-1016,-21
629239,34,1387,-43,-52,-303,-34,-1927,-2903,-1035,-21
629266,18,1395,-29,-30,-333,19,-1927,-2958,-1046,-21
629293,60,1387,-46,-29,-358,46,-1922,-2982,-1028,-21
629321,64,1383,-54,-24,-324,7,-1939,-2945,-1009,-21
629348,54,1394,-50,-27,-276,-29,-1941,-2908,-1027,-21
629374,35,1386,-56,-26,-270,-28,-1934,-2958,-1051,-22
629422,39,1390,-39,-46,-352,-7,-1939,-2928,-1016,-21
629448,37,1379,-55,-55,-329,-18,-1945,-2929,-1021,-21
629475,32,1389,-39,-52,-302,-17,-1945,-2933,-1037,-21
629504,57,1382,-49,-46,-321,5,-1931,-2979,-1028,-21
629530,43,1384,-37,-41,-324,-8,-1945,-2942,-1002,-22
629557,57,1387,-44,-28,-328,-3,-1958,-2934,-996,-22
629583,57,1380,-45,-37,-327,-8,-1936,-2965,-1028,-22
629612,40,1378,-35,-39,-296,-33,-1942,-2982,-1029,-22
629639,39,1395,-46,-33,-289,-25,-1954,-2934,-998,-22
629665,50,1381,-35,-38,-320,-21,-1945,-2907,-1005,-22
629712,51,1388,-53,-46,-331,-21,-1935,-2982,-1022,-22
629739,38,1398,-48,-34,-309,-33,-1942,-2958,-997,-22
629766,41,1382,-54,-47,-277,-33,-1949,-2930,-998,-22
629794,47,1388,-25,-42,-278,-31,-1927,-2935,-1007,-22
629821,33,1389,-39,-10,-302,-4,-1920,-3002,-1021,-22
629848,60,1377,-42,-19,-341,-14,-1939,-2968,-977,-22
629874,49,1390,-27,-30,-327,-22,-1942,-2940,-1004,-22
629903,72,1382,-29,-6,-294,-34,-1937,-2946,-1029,-22
629929,22,1390,-33,-14,-265,-48,-1919,-2980,-1009,-22
629956,35,1395,-54,-34,-287,-21,-1915,-2946,-998,-21
630003,27,1388,-38,-72,-352,9,-1925,-2929,-1008,-23
630030,47,1381,-22,-67,-331,14,-1906,-2980,-1046,-23
630056,45,1396,-22,-54,-291,-12,-1922,-2994,-993,-21
630085,55,1393,-24,-34,-279,5,-1933,-2938,-980,-21
630112,56,1381,-41,-44,-311,-3,-1944,-2961,-1011,-22
630138,50,1385,-48,-60,-338,-9,-1940,-2992,-995,-21
630165,59,1383,-39,-71,-319,-21,-1944,-3007,-981,-21
630194,46,1406,-28,-64,-294,-27,-1967,-2949,-956,-21
630220,38,1394,-33,-60,-311,-16,-1952,-2963,-967,-23
630247,56,1391,-20,-65,-322,-12,-1945,-3018,-972,-22
630294,40,1394,-13,-45,-291,-12,-1971,-2961,-937,-23
630321,33,1384,-6,-35,-314,-7,-1969,-2966,-962,-23
630347,43,1392,-4,-19,-331,6,-1956,-3028,-968,-22
630376,16,1394,-7,-5,-342,49,-1975,-3006,-962,-22
630403,63,1400,-37,-2,-337,104,-1996,-2987,-949,-21
630429,90,1387,-30,9,-382,78,-2018,-2953,-964,-21
630458,74,1376,-35,6,-394,59,-2011,-2991,-991,-22
630484,118,1385,-41,-7,-346,5,-2044,-2990,-978,-21
630511,86,1391,-35,-13,-313,-37,-2042,-2931,-948,-21
630538,87,1388,-40,-8,-228,-75,-2032,-2929,-981,-21
630585,45,1394,-34,-58,-266,-51,-2016,-2995,-975,-23
630611,72,1388,-38,-77,-280,-36,-2015,-2974,-958,-21
630640,85,1391,-41,-95,-270,-45,-2017,-2927,-970,-21
630667,71,1382,-26,-101,-256,-60,-1999,-3006,-961,-21
630693,52,1393,1,-60,-288,-44,-2005,-3017,-949,-21
630720,68,1379,-16,-36,-282,-33,-2007,-2974,-940,-21
630749,57,1397,-29,-29,-292,-27,-2006,-2962,-943,-22
630775,42,1382,-19,-16,-324,0,-1998,-2982,-953,-22
630802,69,1389,-24,-12,-323,-7,-1992,-3035,-946,-21
630829,71,1373,-22,-20,-309,-18,-2014,-2984,-940,-23
630876,53,1391,-26,-28,-314,-17,-2012,-2963,-972,-22
630902,57,1389,-24,-38,-335,-18,-1986,-3014,-952,-22
630931,83,1389,-39,-18,-310,-18,-1997,-3010,-950,-22
630958,55,1398,-37,-26,-317,-17,-2004,-2954,-946,-22
630984,59,1382,-22,-61,-301,-41,-1986,-2979,-970,-23
631011,79,1377,-14,-48,-288,-28,-1990,-3028,-973,-20
631040,35,1388,-4,-46,-289,-32,-1996,-2978,-929,-21
631066,76,1370,-15,-19,-288,-16,-2010,-2954,-941,-21
631093,53,1393,-4,-32,-293,-27,-2004,-2966,-981,-21
631119,57,1388,-28,-37,-333,-20,-1980,-3029,-973,-21
631166,64,1390,-13,-35,-337,-19,-1992,-2970,-937,-21
631193,46,1395,-13,-11,-327,-12,-1988,-2998,-945,-21
631222,65,1387,-17,-10,-322,-21,-1981,-3012,-961,-21
631248,66,1391,-41,-12,-320,-16,-1973,-3029,-941,-21
631275,63,1384,-30,-20,-300,-23,-2002,-2945,-948,-21
631302,61,1388,-32,-38,-280,-26,-1994,-2966,-950,-22
631330,73,1386,-43,-55,-276,-28,-1961,-3018,-943,-22
631357,67,1388,-27,-61,-257,-55,-1984,-3010,-933,-21
631384,41,1391,-25,-64,-282,-53,-1993,-2963,-925,-21
631412,49,1382,-15,-54,-310,-35,-1965,-3003,-958,-21
631457,60,1400,-6,-26,-316,-17,-1969,-3038,-914,-21
631484,40,1387,-22,-3,-288,-15,-1959,-3000,-934,-21
631513,50,1387,-25,6,-289,-16,-1968,-2988,-966,-21
631539,58,1381,-33,6,-311,-16,-1963,-3023,-965,-21
631566,58,1377,-14,-2,-304,-27,-1964,-2997,-906,-21
631592,32,1389,-27,16,-304,4,-1969,-2962,-946,-21
631621,46,1393,-39,-4,-325,5,-1975,-2951,-955,-21
631648,55,1383,-49,-33,-336,2,-1963,-3006,-973,-21
631674,59,1387,-3,-43,-328,-4,-1970,-3015,-961,-21
631703,56,1392,-23,-37,-308,-23,-1995,-2976,-957,-21
631748,56,1389,-24,-45,-289,-41,-1959,-2995,-993,-21
631777,57,1389,-21,-44,-327,-27,-1970,-3028,-962,-21
631803,60,1388,-39,-53,-351,-19,-1980,-2965,-931,-21
631830,53,1394,-33,-50,-336,-19,-1972,-2962,-943,-21
631857,70,1384,-16,-40,-284,-22,-1953,-2989,-949,-21
631885,57,1382,-29,-38,-281,-25,-1970,-3006,-937,-21
631912,59,1394,-20,-29,-284,-28,-1986,-2977,-935,-21
631939,52,1379,-19,-20,-297,-23,-1984,-2957,-929,-21
631965,48,1382,-24,-22,-320,-8,-1970,-3008,-973,-21
631994,57,1385,-25,-18,-314,-12,-1968,-3016,-952,-20
632039,62,1391,-4,-9,-334,-13,-1976,-2954,-947,-21
632068,55,1388,-27,-36,-326,-16,-1967,-2980,-983,-21
632094,67,1388,-26,-44,-320,-20,-1961,-3026,-965,-22
632121,61,1390,-26,-33,-294,-20,-1968,-2974,-944,-21
632147,63,1396,-30,-36,-283,-24,-1996,-2947,-941,-21
632176,62,1394,-23,-38,-293,-24,-1973,-2974,-965,-21
632203,38,1383,-16,-40,-310,-26,-1958,-3011,-957,-23
632229,62,1396,-29,-25,-338,-12,-1979,-2997,-949,-23
632256,62,1404,-30,-32,-312,-16,-1983,-2944,-951,-23
632285,80,1395,-42,-28,-283,-32,-1974,-2985,-959,-22
632330,39,1398,-24,-12,-281,-27,-1964,-3015,-948,-22
632358,54,1391,-42,-2,-299,-11,-1973,-2952,-945,-22
632385,61,1396,-43,-9,-300,-18,-1970,-2959,-968,-22
632412,50,1385,-15,-35,-290,-28,-1964,-3013,-1007,-22
632438,67,1380,-36,-55,-294,-25,-1980,-2985,-953,-22
632467,38,1385,-18,-57,-284,-38,-1980,-2951,-943,-21
632494,58,1387,-13,-20,-301,-3,-1977,-2984,-968,-22
632520,79,1381,-38,-21,-315,-13,-1977,-3020,-966,-22
632547,55,1389,-8,-32,-318,-27,-1976,-3025,-956,-22
632576,50,1382,-21,14,-306,1,-2005,-2931,-955,-22
632621,56,1382,-53,-17,-307,-22,-1977,-3003,-984,-22
632649,66,1386,-32,-62,-324,-33,-1990,-3006,-997,-22
632676,61,1387,-36,-71,-325,-35,-1991,-2931,-952,-22
632702,40,1384,-16,-80,-294,-31,-1984,-2962,-957,-22
632729,59,1388,-23,-65,-282,-28,-1959,-3018,-975,-21
632758,53,1389,-20,-66,-282,-23,-1982,-3014,-934,-21
632784,61,1384,-44,-50,-306,-6,-1986,-2990,-926,-21
632811,70,1390,-37,-57,-322,-19,-1989,-2979,-950,-21
632840,72,1392,-14,-51,-339,-16,-1974,-3020,-964,-21
632866,58,1385,-10,-9,-316,18,-1987,-3001,-945,-21
632913,73,1388,-27,4,-319,6,-2004,-2949,-937,-21
632940,38,1392,-12,20,-311,-3,-2000,-2997,-966,-21
632967,48,1387,-27,32,-333,21,-2015,-3002,-954,-22
632993,64,1390,-50,12,-313,12,-2037,-2953,-954,-20
633022,79,1390,-37,-26,-318,-16,-2026,-2931,-966,-22
633049,61,1383,-23,-30,-299,-31,-1998,-2985,-1008,-20
633075,67,1396,-34,-24,-276,-40,-2008,-3008,-981,-22
633102,69,1377,-48,-19,-283,-34,-2025,-2947,-967,-22
633131,70,1399,-22,-27,-289,-37,-2015,-2933,-965,-23
633157,49,1397,-49,-27,-284,-34,-2000,-2982,-992,-23
633204,56,1376,-29,-28,-297,-20,-2014,-2955,-948,-22
633231,72,1395,-40,-33,-295,-40,-2015,-2935,-977,-21
633257,63,1379,-18,-9,-261,-38,-1999,-2949,-989,-21
633284,62,1392,-30,-9,-257,-49,-1977,-3008,-1004,-21
633313,35,1393,-52,-10,-299,-27,-1985,-2979,-982,-21
633339,63,1384,-50,-26,-333,-6,-1993,-2927,-990,-21
633366,67,1401,-50,-56,-336,-10,-1984,-2971,-1007,-21
633393,76,1390,-53,-67,-301,-17,-1991,-2989,-981,-21
633421,71,1389,-50,-90,-248,-36,-2006,-2967,-968,-21
633448,54,1384,-15,-120,-250,-48,-1993,-2940,-953,-21
633495,39,1393,5,-55,-316,-23,-1983,-3008,-945,-22
633522,48,1386,-2,-19,-363,19,-1987,-2995,-923,-21
633548,56,1387,-20,3,-376,34,-2002,-2964,-921,-21
633575,72,1386,-13,16,-339,7,-1993,-2984,-978,-22
633604,86,1381,-33,-1,-304,-30,-1980,-3015,-971,-22
633630,45,1395,-31,8,-286,-29,-1980,-2996,-962,-21
633657,55,1390,-26,-5,-323,-14,-1999,-2939,-976,-21
633686,59,1391,-41,-24,-331,-17,-2003,-2946,-984,-21
633712,52,1394,-39,-40,-334,-9,-1988,-3007,-938,-20
633739,52,1382,-18,-32,-306,-5,-2003,-2980,-961,-22
633786,78,1387,-46,-37,-301,-14,-2007,-2937,-972,-22
633812,77,1389,-43,-58,-315,-21,-1999,-3007,-980,-22
633839,58,1381,-26,-58,-304,-22,-1990,-3015,-960,-22
633866,55,1392,-28,-44,-306,-18,-2017,-2963,-960,-20
633894,73,1381,-43,-41,-318,-8,-2002,-2961,-968,-22
633921,77,1390,-27,-42,-323,-14,-2011,-3002,-974,-22
633948,42,1380,-22,-40,-311,-32,-2017,-2981,-944,-21
633976,58,1389,-34,-13,-294,-25,-2013,-2946,-944,-22
634003,78,1385,-38,-3,-306,-29,-2023,-2954,-966,-21
634030,78,1387,-40,-14,-316,-32,-1980,-3006,-993,-21
634077,65,1391,-32,7,-304,-20,-2003,-2961,-965,-22
634103,57,1405,-35,6,-292,-24,-2021,-2937,-971,-22
634130,59,1392,-35,0,-300,-21,-1988,-2991,-993,-22
634159,58,1387,-28,-26,-297,-21,-1997,-2993,-1007,-21
634185,67,1392,-63,-52,-304,-20,-2012,-2932,-997,-22
634212,72,1397,-31,-63,-306,-28,-2004,-2956,-970,-22
634238,43,1387,-4,-67,-304,-30,-2010,-2976,-994,-22
634267,61,1389,-16,-44,-319,-13,-2015,-2976,-967,-22
634294,68,1394,-41,-28,-303,-19,-2009,-2949,-953,-22
634320,58,1387,-22,-4,-310,-14,-2008,-2935,-960,-22
634368,70,1397,-45,-9,-307,1,-2004,-3008,-1001,-21
634394,61,1392,-41,-48,-339,-17,-2011,-2970,-971,-21
634421,89,1395,-34,-72,-320,-27,-2025,-2941,-972,-22
634449,59,1380,-5,-44,-304,-33,-2012,-2977,-989,-21
634476,64,1391,-16,-14,-295,-23,-2012,-3018,-980,-22
634503,70,1392,-9,-3,-290,-27,-2007,-2958,-967,-22
634529,66,1397,-36,7,-300,-18,-2007,-2950,-963,-22
634558,62,1384,-33,23,-327,0,-2011,-2956,-1004,-22
634585,82,1390,-46,29,-322,-3,-1993,-2978,-1018,-22
634611,73,1388,-50,-26,-322,-28,-2011,-2960,-986,-22
634658,62,1389,-40,-43,-277,-32,-1989,-2959,-1019,-22
634685,41,1386,-37,-52,-296,-27,-1972,-2983,-1009,-22
634712,60,1391,-43,-55,-312,-21,-1989,-2968,-990,-22
634740,76,1377,-27,-38,-317,3,-2011,-2944,-979,-21
634767,68,1374,-24,-43,-319,-5,-2013,-2951,-991,-21
634793,86,1391,-44,-43,-296,-21,-1997,-2989,-1004,-21
634822,62,1386,-48,-57,-298,-30,-2015,-2963,-976,-21
634849,63,1396,-23,-59,-308,-23,-2016,-2934,-972,-21
634875,71,1388,-33,-62,-318,-25,-2011,-2971,-990,-21
634902,65,1381,-20,-54,-320,-8,-1997,-3006,-972,-21
634949,68,1379,-28,-38,-305,0,-2015,-2952,-945,-21
634976,60,1389,-20,-33,-290,-26,-2021,-2962,-977,-22
635004,55,1387,-31,-32,-290,-23,-2012,-3000,-960,-21
635031,63,1395,-2,-30,-317,-25,-2015,-3003,-966,-21
635058,57,1383,-28,-30,-326,-25,-2021,-2956,-946,-21
635084,51,1387,-18,4,-324,-2,-2008,-2940,-954,-21
635113,68,1381,-45,11,-326,14,-2011,-3009,-983,-22
635140,81,1392,-43,-8,-310,-2,-2018,-2983,-967,-21
635166,81,1384,-42,-43,-286,-35,-2023,-2953,-967,-21
635193,72,1387,-37,-48,-268,-33,-2033,-2948,-990,-21
635240,84,1391,-20,-58,-261,-30,-2015,-2999,-971,-21
635267,58,1395,-19,-34,-311,-20,-2038,-2933,-946,-21
635295,81,1389,-35,-25,-325,-8,-2044,-2948,-958,-21
635322,74,1391,-20,-23,-303,-23,-2029,-2981,-976,-22
635348,66,1388,-28,-6,-282,-28,-2036,-2995,-974,-21
635375,58,1377,-29,-15,-284,-41,-2030,-2945,-950,-21
635404,57,1385,-37,-4,-283,-26,-2029,-2938,-975,-21
635430,68,1387,-60,9,-320,-17,-2013,-2977,-990,-21
635457,41,1382,-47,-30,-348,-23,-2004,-3007,-987,-21
635484,51,1386,-31,-31,-334,-9,-2018,-2938,-968,-21
635531,57,1397,-44,-37,-312,-14,-2012,-2965,-1000,-21
635557,74,1398,-47,-49,-270,-23,-2004,-3010,-986,-21
635586,66,1395,-38,-48,-277,-26,-2017,-2947,-966,-21
635613,60,1390,-28,-48,-313,-13,-2026,-2935,-990,-21
635639,55,1389,-44,-60,-332,-11,-2031,-2944,-986,-21
635666,77,1384,-21,-80,-320,-26,-2018,-3003,-969,-20
635695,68,1377,-19,-57,-321,-15,-2026,-2981,-947,-21
635721,94,1389,-30,-51,-281,-23,-2033,-2949,-965,-21
635748,62,1386,-4,-43,-272,-49,-2024,-2982,-977,-21
635777,62,1378,-21,-37,-297,-34,-2014,-3010,-972,-21
635822,62,1385,-34,-15,-318,-25,-2032,-2943,-950,-21
635848,64,1380,-23,-8,-302,-31,-2014,-2958,-970,-21
635877,52,1389,-23,16,-295,-19,-2000,-2996,-972,-20
635904,69,1381,-45,3,-301,-21,-2025,-2976,-959,-20
635930,53,1393,-32,-18,-324,-30,-2020,-2939,-971,-20
635959,64,1388,-42,-29,-308,-30,-2007,-2970,-999,-20
635985,50,1385,-30,-38,-308,-21,-2003,-2997,-995,-21
636012,74,1391,-45,-51,-322,-26,-2015,-2994,-979,-21
636039,49,1380,-22,-62,-313,-41,-1996,-2949,-977,-21
636067,49,1388,-24,-49,-315,-26,-1992,-2960,-990,-21
636112,62,1384,-28,-68,-326,-27,-2001,-3003,-980,-21
636141,38,1383,-2,-46,-307,-15,-1991,-2953,-946,-21
636168,75,1380,-16,-27,-305,-10,-2011,-2951,-965,-21
636194,63,1378,-31,-28,-285,-36,-2000,-3020,-985,-21
636221,48,1396,-28,-33,-288,-35,-1992,-3008,-954,-21
636250,62,1383,-25,-3,-281,-10,-2004,-2951,-960,-20
636276,63,1396,-38,-10,-298,-2,-2013,-2955,-983,-20
636303,70,1384,-29,-12,-318,19,-2015,-3005,-992,-20
636329,75,1396,-55,-14,-325,-2,-2014,-2973,-938,-22
636358,75,1397,-42,-12,-320,-7,-2028,-2932,-972,-22
636403,68,1392,-39,-3,-324,-17,-2014,-2971,-996,-22
636432,72,1384,-50,-9,-314,-29,-2008,-2970,-995,-21
636459,68,1381,-44,-15,-310,-25,-2005,-2950,-980,-21
636485,72,1386,-40,4,-279,-11,-2029,-2911,-987,-21
636512,73,1392,-48,5,-281,-22,-2007,-2975,-1022,-22
636540,82,1380,-35,-12,-289,-25,-2015,-2977,-1007,-20
636567,70,1381,-42,-23,-313,-38,-2015,-2915,-1012,-22
636594,51,1390,-36,-36,-324,-44,-2020,-2929,-1011,-22
636622,60,1394,-42,-19,-311,-29,-2011,-2949,-1026,-20
636649,80,1396,-53,-13,-291,-26,-2011,-2963,-1019,-22
636694,57,1387,-29,-32,-301,-43,-2006,-2924,-1001,-20
636723,46,1396,-46,-19,-290,-36,-1997,-2937,-1033,-19
636749,71,1392,-55,-13,-290,-19,-2000,-2973,-1041,-21
636776,66,1398,-64,-29,-313,-19,-1997,-2944,-1013,-21
636803,43,1392,-43,-53,-299,-34,-1991,-2912,-1016,-20
636831,57,1391,-49,-38,-301,-30,-1984,-2954,-1023,-21
636858,74,1389,-54,-32,-297,-26,-1981,-2969,-1030,-21
636884,64,1395,-54,-28,-299,-24,-2000,-2927,-1007,-21
636913,66,1391,-48,-20,-313,-13,-2007,-2909,-998,-21
636940,63,1384,-33,-17,-307,-17,-1982,-2939,-1032,-21
636985,73,1389,-60,-8,-320,-3,-2007,-2935,-1033,-21
637014,70,1371,-47,-25,-329,-15,-2003,-2896,-1013,-21
637040,59,1387,-49,-12,-309,-24,-1989,-2939,-1042,-21
637067,71,1392,-52,-3,-288,-26,-1997,-2980,-1060,-21
637093,69,1396,-54,-14,-287,-37,-1987,-2944,-1049,-20
637122,54,1396,-69,-46,-331,-23,-2003,-2898,-1039,-20
637149,64,1387,-57,-56,-349,-19,-1990,-2912,-1046,-20
637175,76,1386,-63,-49,-331,-11,-1980,-2957,-1048,-20
637204,86,1391,-42,-65,-269,-47,-1985,-2935,-1000,-21
637231,37,1405,-27,-49,-234,-53,-1994,-2904,-1018,-21
637276,56,1382,-45,-68,-334,-21,-1981,-2977,-1041,-20
637304,58,1382,-34,-56,-351,2,-1989,-2972,-1011,-20
637331,57,1387,-44,-37,-324,-7,-2000,-2938,-990,-21
637358,71,1391,-36,-44,-319,-25,-1977,-2950,-1016,-20
637386,53,1396,-16,-23,-307,-17,-1984,-2984,-1022,-21
637413,70,1380,-54,-16,-310,-12,-1989,-2985,-1032,-20
637440,65,1390,-43,-23,-315,0,-2009,-2921,-1001,-20
637466,67,1383,-51,-20,-312,-16,-1997,-2926,-1023,-22
637495,57,1389,-48,-25,-305,-17,-2009,-2979,-1031,-21
637521,63,1392,-48,-36,-306,-20,-1999,-2969,-1010,-21
637566,54,1395,-38,-69,-296,-44,-2011,-2925,-999,-21
637595,63,1391,-30,-58,-299,-36,-1995,-2970,-1019,-20
637622,58,1387,-50,-30,-286,-26,-2009,-2977,-1000,-20
637648,63,1387,-43,-21,-291,-24,-1996,-2958,-1000,-20
637675,72,1399,-22,-38,-294,-35,-2010,-2932,-994,-20
637704,57,1392,-49,-35,-305,-35,-2004,-2957,-1026,-20
637730,60,1397,-35,-24,-282,-34,-1986,-2977,-989,-20
637757,51,1380,-28,-13,-290,-30,-2011,-2920,-1008,-20
637786,68,1393,-48,5,-285,-22,-1995,-2934,-1009,-20
637812,64,1383,-62,-4,-296,-27,-1965,-2973,-1031,-20
637859,47,1383,-36,-24,-317,-26,-1974,-2948,-1004,-20
637886,53,1377,-47,-43,-314,-28,-1987,-2913,-1023,-20
637913,33,1393,-34,-58,-305,-29,-1982,-2951,-1034,-20
637939,70,1395,-65,-54,-309,-29,-1968,-2980,-1024,-20
637968,44,1385,-37,-52,-297,-31,-1984,-2935,-1004,-20
637995,61,1387,-33,-34,-309,-18,-1981,-2907,-1005,-20
638021,57,1394,-53,-13,-295,-17,-1990,-2937,-1014,-20
638048,54,1383,-34,4,-302,-6,-1981,-2983,-1037,-20
638076,52,1382,-52,15,-311,-9,-1972,-2938,-1017,-20
638103,66,1383,-50,7,-315,-16,-1980,-2909,-1030,-20
638150,65,1390,-49,-13,-317,-23,-1978,-2963,-1065,-20
638177,60,1389,-62,-25,-305,-21,-1970,-2951,-1036,-20
638203,66,1384,-45,-48,-301,-26,-1993,-2906,-1032,-20
638230,64,1392,-47,-48,-289,-27,-1983,-2922,-1060,-20
638259,59,1396,-52,-54,-293,-16,-1979,-2957,-1057,-20
638285,75,1388,-41,-71,-292,-31,-1977,-2947,-1027,-20
638312,57,1379,-51,-59,-309,-24,-1977,-2926,-1020,-20
638339,62,1394,-52,-56,-317,-25,-1984,-2959,-1018,-20
638367,58,1382,-33,-52,-325,-19,-1971,-2983,-1024,-20
638394,61,1396,-35,-41,-329,-20,-1976,-2979,-1013,-20
638441,59,1386,-39,-25,-319,1,-1979,-2944,-1017,-21
638468,70,1383,-64,-26,-309,-14,-1967,-2968,-1037,-21
638494,70,1394,-60,-33,-290,-26,-1977,-2990,-1004,-21
638521,45,1389,-29,-46,-302,-38,-1985,-2911,-1002,-21
638550,47,1388,-26,-44,-321,-30,-1978,-2931,-1011,-19
638576,58,1400,-47,-35,-340,-5,-1955,-2983,-1023,-21
638603,70,1396,-65,-40,-344,-17,-1975,-2971,-1007,-21
638631,62,1378,-43,-40,-306,-21,-1977,-2941,-1005,-21
638658,54,1389,-34,-33,-279,-18,-1975,-2941,-1001,-22
638685,70,1380,-68,-47,-287,-20,-1979,-2968,-1022,-20
638732,42,1394,-16,-52,-317,-3,-1973,-2977,-989,-20
638758,70,1385,-41,-44,-371,-1,-1985,-2933,-991,-20
638785,62,1393,-16,-59,-373,-21,-1974,-2978,-1014,-20
638814,53,1378,-32,-45,-350,-3,-1979,-2999,-989,-20
638840,77,1385,-9,-36,-294,-12,-2005,-2950,-962,-20
638867,73,1392,-28,-24,-296,-29,-1999,-2948,-984,-22
638894,31,1394,-32,-36,-307,-50,-1959,-2994,-999,-22
638922,36,1378,-32,-52,-456,-8,-1970,-3007,-996,-20
638949,52,1389,-36,-90,-463,2,-1977,-2950,-925,-22
638976,73,1391,-26,-174,-191,28,-2003,-2948,-936,-20
639023,68,1431,4,-105,-21,188,-2013,-3031,-941,-20
639049,116,1460,-97,-6,-251,329,-2108,-2982,-912,-21
639076,305,1488,22,192,-719,540,-2174,-2950,-942,-21
639105,618,1408,75,319,-725,704,-2239,-2972,-1029,-21
639131,740,1606,-213,538,117,49,-2317,-3027,-1207,-21
639158,210,1625,36,172,-174,34,-2299,-3023,-1266,-21
639184,544,992,-20,-48,-183,234,-2398,-3087,-1435,-21
639213,264,1107,-25,594,-782,732,-2471,-3158,-1570,-21
639240,405,2084,66,524,-926,1146,-2568,-3205,-1726,-21
639266,176,1425,176,-483,-76,676,-2954,-3286,-1730,-21
639313,282,856,52,211,-164,160,-3303,-3355,-1756,-21
639340,-11,1416,-70,357,-64,294,-3416,-3389,-1809,-21
639367,308,1402,-42,-134,850,113,-3741,-3367,-1714,-21
639395,-113,1486,-37,-213,1553,-183,-3901,-3378,-1524,-20
639422,-148,1469,0,-279,344,430,-4150,-3384,-1262,-21
639449,205,1217,49,-79,-413,187,-4229,-3390,-1195,-21
639475,181,1224,165,113,-730,352,-4213,-3326,-1156,-21
639504,148,1293,-50,63,-324,673,-4276,-3124,-1077,-21
639531,174,1289,-136,152,-252,396,-4283,-3075,-1048,-21
639557,280,1509,-186,278,-201,355,-4262,-3003,-1017,-21
639604,301,1524,-193,-466,-493,295,-4109,-2765,-860,-20
639631,270,1426,-94,-544,-231,637,-4066,-2680,-818,-20
639657,274,1360,-104,-406,136,759,-4146,-2595,-716,-20
639686,480,1335,-134,-211,-124,666,-4144,-2481,-711,-21
639713,629,1304,-44,-146,-459,175,-4132,-2343,-713,-21
639739,598,1240,-3,-145,-534,-117,-3975,-2220,-873,-21
639768,518,1317,-1,-68,-311,-38,-3960,-2187,-951,-20
639795,508,1375,-91,-63,-296,127,-3960,-2130,-1006,-20
639821,597,1280,-38,-81,-583,268,-3995,-1988,-1185,-20
639848,642,1222,-131,-108,-561,280,-4064,-1932,-1299,-21
639895,631,1345,-51,-14,-242,-138,-4270,-1996,-1528,-20
639922,617,1277,-124,87,36,-384,-4331,-2003,-1550,-20
639950,538,1143,-171,-124,266,-197,-4416,-2016,-1604,-20
639977,613,1178,-227,-275,457,-96,-4656,-2174,-1558,-21
640004,733,1315,-229,-734,457,-440,-4770,-2266,-1470,-20
640030,924,1512,-142,-752,-238,-1133,-4789,-2458,-1324,-21
640059,526,659,259,1073,-897,-861,-4477,-2510,-1433,-21
640086,317,899,123,1276,338,514,-4550,-2468,-1606,-19
640112,451,1325,-17,-299,-343,-365,-4571,-2519,-1600,-21
640139,560,1636,-100,-1496,-1087,-1942,-4300,-2680,-1465,-21
640186,686,1336,-195,13,-746,-1389,-3815,-2955,-1396,-20
640212,459,1325,-93,-319,-906,-769,-3429,-3146,-1372,-21
640241,315,1253,-67,-426,-947,-668,-3288,-3163,-1290,-21
640268,261,949,-21,-488,-981,-855,-2943,-3262,-1199,-21
640294,249,1162,69,-641,-861,-940,-2735,-3361,-1082,-21
640321,-80,1362,210,-635,-449,-774,-2537,-3439,-986,-21
640350,-127,1456,165,-420,-222,-422,-2360,-3455,-796,-19
640376,-35,1280,226,-323,-634,-450,-2248,-3450,-722,-21
640403,-70,1425,278,-298,-779,-324,-2126,-3494,-680,-21
640430,-140,1543,372,-188,-992,-95,-1987,-3556,-588,-21
640477,-64,1261,392,157,-680,109,-1963,-3502,-571,-20
640503,-28,1280,372,-35,-305,319,-2020,-3515,-609,-21
640532,32,1412,285,-101,-107,259,-2075,-3525,-587,-21
640559,115,1384,295,-48,-187,59,-2114,-3519,-581,-21
640585,229,1384,244,-34,-223,-42,-2136,-3458,-589,-21
640612,210,1419,213,-66,-290,-16,-2126,-3481,-590,-21
640641,185,1425,152,-93,-371,79,-2149,-3502,-588,-20
640667,123,1435,189,-51,-589,-163,-2133,-3489,-554,-20
640694,137,1347,220,115,-510,-263,-2104,-3477,-576,-20
640720,155,1250,247,153,-243,-234,-2007,-3491,-646,-21
640768,72,1376,187,-23,-219,-154,-1991,-3520,-632,-21
640794,77,1371,133,42,-403,-259,-1969,-3467,-652,-21
640823,129,1325,124,38,-611,-333,-1863,-3466,-700,-22
640849,112,1412,128,-9,-592,-318,-1783,-3502,-709,-20
640876,59,1488,115,-23,-486,-158,-1754,-3523,-672,-21
640903,90,1452,158,43,-548,-237,-1705,-3457,-677,-21
640931,80,1414,162,-5,-568,-292,-1625,-3458,-704,-21
640958,48,1352,198,38,-451,-82,-1563,-3537,-684,-20
640985,2,1232,265,125,-391,13,-1569,-3542,-688,-20
641013,-24,1274,235,52,-308,-37,-1580,-3495,-686,-20
641058,46,1238,185,-25,-340,-20,-1566,-3545,-725,-21
641085,61,1258,198,-4,-371,10,-1565,-3534,-726,-21
641114,84,1341,187,-88,-298,104,-1580,-3501,-696,-20
641140,55,1444,187,-127,-145,194,-1629,-3484,-680,-20
641167,48,1432,169,5,-182,170,-1664,-3504,-690,-21
641196,96,1437,166,-32,-293,11,-1687,-3533,-673,-20
641222,81,1407,193,-23,-391,-104,-1680,-3501,-683,-20
641249,56,1372,193,95,-256,43,-1684,-3490,-680,-20
641275,-19,1301,212,62,-219,107,-1693,-3548,-737,-20
641304,-39,1297,229,59,-203,83,-1720,-3557,-726,-20
641349,51,1294,219,-53,-247,-49,-1757,-3449,-779,-20
641376,113,1394,122,-71,-191,5,-1740,-3479,-761,-20
641404,122,1426,146,-48,-177,9,-1733,-3498,-754,-20
641431,147,1460,92,-63,-191,-13,-1773,-3440,-751,-20
641458,147,1453,100,-50,-293,-88,-1759,-3419,-746,-20
641484,146,1428,101,-52,-363,-93,-1742,-3451,-752,-20
641513,72,1399,153,-25,-422,-48,-1705,-3500,-733,-20
641540,54,1368,184,18,-383,-55,-1710,-3477,-730,-20
641566,71,1299,159,-44,-352,-59,-1683,-3441,-721,-20
641595,-22,1295,222,-53,-290,49,-1698,-3501,-734,-19
641640,-42,1346,225,-68,-154,116,-1740,-3498,-725,-21
641667,30,1331,206,-80,-211,-16,-1774,-3437,-709,-21
641695,78,1348,183,-79,-207,24,-1769,-3456,-695,-21
641722,105,1406,129,-109,-195,63,-1791,-3476,-701,-21
641748,146,1420,125,-81,-234,28,-1820,-3448,-688,-20
641777,152,1438,149,-49,-309,-38,-1824,-3411,-660,-20
641804,133,1407,173,-33,-363,-54,-1786,-3446,-689,-20
641830,81,1397,207,-15,-352,-47,-1780,-3483,-679,-20
641857,42,1368,231,-1,-336,-65,-1758,-3472,-664,-21
641886,40,1329,236,26,-374,-156,-1748,-3404,-697,-21
