765009,159,-171,1304,-26,-308,-22,-241,682,7589,-19
765038,169,-173,1313,-31,-307,-20,-253,679,7571,-19
765065,172,-166,1307,-35,-308,-25,-216,672,7640,-19
765091,169,-148,1304,-41,-311,-22,-220,677,7621,-19
765118,150,-166,1306,-27,-302,-24,-229,688,7612,-19
765147,161,-166,1303,-34,-317,-20,-243,672,7584,-19
765173,161,-157,1301,-26,-304,-18,-216,664,7621,-19
765200,155,-168,1310,-42,-308,-25,-207,691,7649,-19
765227,170,-160,1310,-36,-309,-23,-240,677,7606,-19
765255,156,-171,1300,-30,-313,-27,-234,679,7562,-19
765300,153,-176,1308,-37,-304,-25,-210,693,7633,-19
765327,157,-176,1326,-38,-317,-24,-230,679,7617,-19
765356,162,-162,1307,-39,-309,-27,-242,682,7597,-19
765382,162,-163,1307,-37,-308,-23,-212,673,7616,-19
765409,149,-167,1320,-28,-312,-24,-208,681,7643,-20
765437,156,-171,1312,-31,-312,-22,-217,667,7635,-19
765464,172,-175,1312,-38,-307,-23,-245,685,7581,-18
765491,150,-169,1323,-31,-303,-24,-232,674,7597,-19
765517,154,-173,1327,-28,-309,-21,-218,681,7639,-19
765546,159,-159,1319,-31,-308,-19,-219,679,7604,-19
765591,159,-175,1307,-29,-310,-25,-233,677,7590,-18
765618,151,-171,1315,-40,-303,-29,-207,683,7643,-18
765646,163,-168,1301,-23,-305,-21,-218,692,7623,-19
765673,148,-162,1310,-32,-311,-22,-236,680,7592,-18
765700,152,-171,1319,-23,-305,-22,-224,671,7611,-18
765728,141,-170,1329,-32,-316,-23,-219,678,7634,-18
765755,168,-167,1343,-31,-309,-17,-231,678,7616,-18
765782,166,-161,1311,-33,-315,-18,-253,684,7590,-19
765808,171,-158,1299,-30,-306,-26,-232,678,7576,-18
765837,156,-166,1317,-34,-305,-20,-215,678,7642,-19
765882,181,-152,1319,-34,-306,-20,-242,692,7586,-19
765908,153,-171,1335,-28,-294,-20,-240,667,7611,-19
765937,160,-163,1334,-33,-316,-20,-198,682,7633,-19
765964,160,-161,1302,-37,-317,-21,-211,679,7642,-18
765990,175,-167,1319,-30,-307,-21,-248,676,7589,-18
766017,156,-165,1310,-35,-306,-20,-228,663,7589,-20
766046,154,-181,1315,-35,-314,-22,-216,669,7620,-18
766072,168,-159,1317,-34,-306,-21,-230,677,7627,-19
766099,161,-174,1324,-32,-301,-20,-231,695,7602,-17
766126,155,-170,1311,-31,-306,-17,-221,680,7612,-18
766173,163,-164,1311,-29,-302,-19,-222,675,7643,-18
766199,160,-165,1308,-31,-311,-22,-229,696,7616,-18
766228,152,-170,1311,-32,-310,-22,-235,687,7579,-18
766255,166,-171,1297,-42,-316,-25,-212,672,7628,-18
766281,216,-161,1299,3,-379,10,-200,678,7658,-18
766308,145,-183,1302,-4,-350,15,-259,680,7602,-18
766337,138,-165,1301,-24,-378,-1,-271,663,7596,-18
766363,178,-156,1300,8,-379,-5,-294,628,7626,-18
766390,177,-155,1328,4,-357,-4,-292,652,7659,-18
766416,129,-167,1275,-38,-411,35,-319,649,7637,-17
766464,204,-133,1292,69,-402,4,-402,618,7619,-17
766490,184,-147,1302,191,-370,82,-407,573,7640,-19
766519,234,-159,1325,187,-385,40,-438,574,7633,-19
766545,189,-140,1311,109,-345,68,-498,514,7561,-19
766572,219,-135,1301,31,-389,47,-506,486,7573,-19
766599,215,-132,1328,62,-392,46,-514,453,7646,-19
766627,227,-127,1306,60,-350,31,-571,454,7609,-19
766654,202,-133,1319,18,-316,-10,-588,450,7567,-19
766681,225,-91,1306,6,-325,-10,-574,414,7602,-19
766707,279,-45,1299,138,-525,170,-587,392,7617,-19
766754,208,-112,1332,198,-167,117,-710,307,7565,-18
766781,212,-79,1280,112,-505,13,-734,253,7546,-19
766810,215,-99,1349,156,-419,-36,-754,215,7570,-19
766836,232,-68,1320,21,-393,-165,-789,201,7558,-19
766863,247,-87,1328,41,-511,2,-845,199,7508,-19
766889,260,-88,1343,-75,-361,-45,-867,170,7509,-19
766918,329,-45,1421,-45,-81,59,-823,171,7562,-19
766945,260,-47,1383,-92,605,77,-719,197,7532,-19
766971,2,-1,1334,-46,230,300,-616,193,7458,-18
766998,48,38,1389,111,-61,501,-527,142,7446,-19
767045,349,-157,1256,382,-458,704,-564,5,7491,-19
767072,130,-22,1331,87,-285,164,-628,-72,7430,-18
767100,110,-83,1367,146,-84,301,-598,-141,7410,-18
767127,206,-160,1335,116,-97,441,-562,-169,7395,-18
767154,366,108,1408,62,-279,228,-590,-230,7426,-18
767180,219,47,1304,86,29,-485,-547,-234,7384,-18
767209,85,-78,1398,61,-20,-370,-468,-239,7349,-20
767236,-54,168,1464,36,-21,-190,-297,-252,7373,-18
767262,151,24,1303,217,-259,169,-268,-259,7366,-18
767289,208,-20,1388,44,-439,138,-377,-302,7323,-18
767336,130,66,1439,-81,-311,-71,-351,-314,7354,-18
767363,-60,-85,1500,-71,-155,316,-338,-309,7398,-18
767391,-106,-138,1490,-78,-8,408,-314,-300,7373,-18
767418,249,134,1446,-95,-81,252,-304,-309,7335,-19
767444,63,-57,1450,83,371,425,-87,-351,7322,-19
767471,-195,-340,1543,-15,374,565,12,-365,7345,-19
767500,-234,22,1531,-138,287,1080,35,-360,7331,-19
767526,382,159,1416,206,279,1537,50,-493,7250,-18
767553,-157,-245,1412,197,186,1251,95,-595,7206,-19
767580,-484,107,1744,12,416,1899,77,-686,7231,-19
767627,373,93,1302,329,593,2489,65,-1045,7019,-18
767653,-122,-166,1608,343,630,2482,33,-1204,6962,-18
767682,-245,278,1441,421,920,2675,-49,-1540,6828,-18
767709,-208,401,1142,512,741,2948,-190,-1694,6679,-18
767735,97,194,1270,908,-363,3253,-470,-1898,6554,-18
767762,498,-44,1495,900,-1190,1626,-1165,-2256,6386,-18
767791,93,126,1729,532,-1894,-283,-1398,-2330,6395,-19
767817,102,340,1438,486,-1893,-583,-1584,-2383,6359,-18
767844,151,719,1369,546,-2135,6,-2050,-2410,6258,-19
767870,766,596,1141,691,-2269,247,-2365,-2459,6206,-19
767918,240,504,1482,361,-2272,-641,-2950,-2465,6097,-19
767944,-90,471,1531,208,-2301,-1021,-3081,-2429,6014,-19
767973,239,520,1227,464,-2052,138,-3253,-2396,5922,-19
768000,258,531,958,525,-1560,281,-3630,-2420,5771,-18
768026,427,530,1050,-110,-1607,-429,-3791,-2347,5685,-19
768053,81,447,892,-288,-1729,-918,-3853,-2278,5611,-18
768081,374,491,1093,180,-1517,-299,-4089,-2261,5364,-19
768108,181,272,980,255,-1242,-175,-4215,-2352,5237,-19
768135,190,182,1274,-275,-1058,-410,-4382,-2350,5097,-19
768161,355,474,1106,80,31,-219,-4383,-2336,5042,-19
768208,716,327,979,-181,-806,766,-4517,-2344,4956,-19
768235,200,522,1175,-503,-1577,-114,-4847,-2320,4927,-19
768264,816,460,899,-138,-998,309,-4986,-2273,4852,-18
768290,857,283,1053,343,-752,837,-5070,-2247,4796,-18
768317,437,490,1004,-138,-1628,731,-5433,-2234,4656,-18
768344,457,604,1048,174,-1665,749,-5677,-2218,4543,-20
768372,739,358,664,900,16,1702,-5967,-2093,4351,-20
768399,1210,231,671,-124,-861,947,-6097,-2006,4318,-20
768425,1175,328,871,-312,-1254,761,-6273,-1929,4281,-18
768454,1095,300,790,-277,-1677,863,-6664,-1763,4154,-18
768499,979,128,1129,-751,-1650,695,-6986,-1509,3879,-18
768526,1093,151,886,-896,-1395,429,-7382,-1306,3857,-19
768555,925,96,486,-907,-1498,420,-7392,-1212,3760,-19
768581,1144,-67,492,-1527,-1360,458,-7509,-1053,3744,-19
768608,1286,1,666,-1962,-1517,-6,-7645,-777,3672,-18
768636,823,-69,948,-2124,-1360,-351,-7688,-707,3687,-19
768663,1019,24,632,-1252,-1656,418,-7816,-639,3646,-19
768690,1305,-188,526,-1095,-1520,701,-8044,-329,3448,-18
768716,1288,-107,533,-1067,-1601,467,-8098,-207,3314,-18
768745,1198,-77,360,-506,-1180,388,-8271,-58,3116,-19
768790,1335,-428,174,115,-754,715,-8394,138,2985,-18
768819,1331,-342,307,-49,-1253,469,-8428,257,2862,-18
768845,1376,-309,4,37,-1733,168,-8527,307,2493,-18
768872,1431,-234,60,-235,-1364,-204,-8584,293,2375,-18
768899,1149,-274,310,-435,-1225,38,-8627,285,2225,-18
768927,922,-303,-102,-117,-1052,46,-8596,341,1972,-18
768954,1271,-368,218,-732,-1840,395,-8624,429,1812,-18
768980,1211,-404,113,-397,-1745,150,-8724,506,1430,-19
769007,1247,-521,-4,-115,-1191,469,-8737,575,1294,-21
769036,1651,-503,333,-40,-1026,407,-8712,690,1192,-19
769081,2057,-379,-249,2303,-577,206,-8723,785,984,-19
769110,1980,-490,-1078,1615,-1644,-1224,-8710,723,786,-19
769136,1041,-391,-339,-309,-1870,-1613,-8606,538,535,-19
769163,1156,-206,223,-230,-1807,-958,-8372,178,98,-19
769189,1126,-120,-438,707,-920,-689,-8329,85,-66,-19
769218,1087,-164,-601,477,-874,-483,-8263,29,-276,-19
769245,1175,-137,-264,188,-720,-99,-8174,14,-367,-19
769271,1920,-117,-529,414,-566,11,-8122,42,-432,-19
769298,847,-173,-291,110,-1013,-904,-8059,-100,-586,-19
769327,567,-161,-131,439,-531,183,-8020,-107,-654,-19
769372,1522,-136,-543,521,-701,304,-7986,64,-732,-18
769400,1326,-249,-169,126,-876,-40,-7927,173,-904,-20
769427,1275,-206,-230,596,-446,146,-7964,197,-949,-19
769454,1314,-289,-572,838,265,186,-7949,381,-895,-19
769480,1414,-392,-296,2,453,247,-7947,415,-795,-19
769509,1277,-296,97,362,457,233,-7977,459,-702,-19
769536,1270,-270,-685,975,863,182,-8095,604,-462,-20
769562,1498,-263,-850,589,627,357,-8114,709,-352,-20
769589,1806,-196,-449,-178,228,85,-8075,741,-191,-20
769617,1068,-323,-390,-105,-76,-243,-8088,691,-118,-20
769662,1792,-251,-16,-454,-430,345,-8141,770,-77,-20
769691,1531,-264,94,-135,-422,-263,-8037,751,-87,-20
769718,1335,-235,-349,176,-508,-224,-8013,724,-110,-19
769744,1482,-209,-492,-303,-871,-139,-8027,687,-151,-19
769771,1531,-222,-189,-386,-757,-261,-7976,625,-294,-19
769800,1661,-245,-298,-331,-669,-371,-7927,609,-338,-19
769826,1261,-273,-100,-311,-678,-511,-7861,444,-425,-19
769853,1255,-257,-191,-45,-468,-245,-7885,405,-464,-19
769882,1457,-176,-404,-12,-238,-56,-7888,419,-451,-19
769908,1376,-121,-444,-186,-243,-237,-7771,385,-439,-19
769953,1385,-140,-242,110,-334,-137,-7832,320,-466,-19
769982,1480,-222,-516,5,-92,-1,-7849,329,-463,-19
770009,1584,-92,-373,-1,36,-189,-7800,331,-409,-19
770035,1304,-204,-291,35,-145,-635,-7753,262,-383,-19
770062,1019,-278,-1386,-356,248,458,-7847,169,-306,-19
770091,1579,-92,340,-962,-536,99,-7871,181,-315,-20
770117,1510,-247,-296,84,-18,99,-7840,183,-271,-19
770144,1544,-138,-275,-98,-57,-74,-7819,167,-208,-19
770170,1326,-153,-269,-79,-272,-136,-7861,132,-184,-19
770199,1382,-201,-603,-387,-133,312,-7903,155,-161,-19
770244,1396,-74,-87,-892,-209,32,-7902,165,-21,-19
770273,1770,-237,359,1243,-539,-457,-7892,137,-42,-19
770299,1031,-96,-339,-94,-1276,-133,-7905,102,-111,-19
770326,1238,-117,40,-75,-408,-57,-7875,105,-112,-19
770353,1542,-52,-128,156,-47,69,-7834,107,-97,-19
770381,1338,-136,-213,533,-9,-153,-7897,91,-56,-19
770408,1202,-210,-432,221,-85,-45,-7920,98,-53,-19
770435,1420,-138,-223,-63,-317,45,-7912,129,-34,-18
770461,1485,-105,-133,-86,-397,-181,-7829,128,-28,-20
770490,1147,-130,-253,68,-452,-295,-7840,73,-65,-18
770535,1362,-124,-227,108,-247,-25,-7867,144,-62,-19
770564,1356,-147,-208,128,-102,-76,-7830,137,-49,-19
770590,1397,-129,-263,36,-126,-83,-7818,114,-17,-19
770617,1359,-128,-209,-9,-169,55,-7920,129,29,-20
770643,1454,-97,-87,21,-190,45,-7913,142,38,-18
770672,1408,-80,-157,173,17,-279,-7876,146,67,-19
770699,1347,-161,-252,113,356,-302,-7878,74,170,-19
770725,1238,11,-331,-178,174,-338,-7922,-14,266,-18
770752,1429,-63,-9,-569,-224,101,-7933,-19,421,-18
770781,1542,-139,-92,-248,-185,131,-7909,17,453,-19
770826,1463,-84,-200,191,77,139,-7964,-16,525,-18
770852,1503,-70,-10,79,-102,36,-7983,23,595,-20
770881,1407,-100,-19,110,-8,-253,-7946,4,598,-20
770908,1284,-127,-110,76,-75,-115,-7922,-23,628,-20
770934,1404,-130,-46,-93,-255,-6,-7995,-71,668,-19
770961,1352,-102,-10,-130,-301,-34,-7987,-57,694,-19
770990,1371,-107,-24,6,-339,179,-7919,-4,650,-20
771016,1574,-133,-234,-39,-300,29,-7944,-14,662,-18
771043,1383,-125,-91,-360,-352,-388,-7959,-60,676,-19
771069,1294,-43,-73,-347,-436,-249,-7938,-120,669,-19
771117,1485,-37,10,232,-530,0,-7860,-82,622,-19
771143,1444,-67,-195,298,-468,-64,-7870,-83,597,-19
771172,1360,-80,-139,74,-417,-310,-7881,-105,559,-19
771198,1451,-67,-144,114,-307,-225,-7817,-117,564,-19
771225,1404,-66,-79,-65,-506,-26,-7760,-143,519,-19
771252,1347,-49,-119,-72,-380,-63,-7791,-165,522,-19
771280,1377,-70,-103,-63,-417,9,-7816,-154,500,-19
771307,1449,-45,-169,-113,-526,-10,-7744,-120,457,-19
771334,1379,-13,-140,-173,-542,-103,-7726,-147,451,-18
771360,1396,-34,-163,-88,-505,-19,-7776,-176,412,-19
771407,1384,-82,-159,-110,-276,5,-7748,-137,400,-19
771434,1331,-111,-140,-51,-148,1,-7716,-131,431,-19
771463,1448,-80,-127,3,24,60,-7757,-154,486,-19
771489,1376,-49,-121,20,220,-15,-7804,-150,571,-19
771516,1383,-8,-74,12,183,-7,-7793,-132,605,-19
771543,1437,-39,-49,35,-217,2,-7734,-123,656,-19
771571,1414,-45,-84,21,-278,-63,-7772,-149,662,-19
771598,1383,-65,-100,-116,-336,-62,-7814,-156,657,-19
771624,1424,-41,-71,-185,-475,15,-7772,-136,673,-19
771651,1390,-71,-98,-114,-692,38,-7729,-121,641,-19
771698,1385,-44,-157,-53,-543,-14,-7777,-147,511,-19
771725,1393,-62,-157,-87,-387,-41,-7762,-138,502,-19
771753,1416,-57,-112,-81,-554,-38,-7710,-122,481,-19
771780,1373,-107,-161,-14,-621,-51,-7692,-149,411,-18
771807,1410,-65,-218,-156,-471,-24,-7717,-164,386,-18
771833,1377,-30,-134,-197,-325,-20,-7711,-165,400,-18
771862,1408,-43,-153,-77,-387,13,-7670,-135,391,-18
771889,1398,-71,-158,-126,-338,0,-7665,-150,383,-18
771915,1402,-60,-153,4,-418,-12,-7722,-158,369,-20
771942,1387,-104,-180,149,-378,3,-7718,-138,345,-18
771989,1389,-28,-162,-78,-247,63,-7650,-124,343,-19
772016,1413,-31,-151,-16,-434,53,-7713,-119,350,-19
772044,1385,-76,-235,28,-533,-22,-7738,-94,306,-19
772071,1386,-67,-166,-5,-440,-18,-7637,-97,273,-20
772098,1388,-56,-194,-8,-521,3,-7640,-91,232,-19
772124,1369,-66,-266,-94,-584,34,-7661,-98,207,-19
772153,1393,-71,-241,-155,-212,-11,-7684,-89,207,-19
772179,1403,-74,-185,-17,19,-45,-7659,-80,252,-19
772206,1405,-69,-208,127,-157,-58,-7633,-79,272,-19
772233,1391,-53,-179,176,-209,-85,-7703,-109,295,-19
772280,1407,-76,-168,170,-486,-24,-7676,-90,253,-19
772306,1387,-69,-219,110,-565,-24,-7617,-96,167,-19
772335,1385,-76,-180,-8,-343,-19,-7636,-114,189,-19
772362,1384,-47,-181,-3,-236,-10,-7680,-113,183,-19
772388,1381,-102,-185,57,-295,-11,-7636,-68,170,-20
772415,1409,-43,-251,60,-69,-20,-7612,-71,195,-20
772444,1402,-43,-180,9,-52,-23,-7651,-113,244,-19
772470,1397,-60,-181,-13,-92,-28,-7708,-91,288,-19
772497,1406,-43,-175,-13,-30,-45,-7689,-85,323,-19
772524,1377,-52,-146,-12,-96,-22,-7674,-119,371,-19
772571,1402,-45,-115,-64,-179,-31,-7746,-131,425,-19
772597,1402,-43,-140,-43,-311,-23,-7721,-123,445,-19
772626,1400,-51,-150,-38,-466,-9,-7639,-117,392,-19
772653,1407,-57,-173,-63,-448,-6,-7658,-136,375,-19
772679,1400,-50,-154,-57,-389,-14,-7707,-130,395,-19
772706,1397,-67,-167,9,-363,-7,-7683,-99,353,-19
772734,1405,-59,-164,14,-257,-15,-7645,-99,360,-19
772761,1394,-52,-162,9,-248,-18,-7684,-132,362,-19
772788,1394,-40,-164,-11,-243,-24,-7720,-124,371,-19
772814,1406,-50,-145,9,-285,-23,-7719,-121,377,-18
772861,1400,-60,-152,-60,-228,-22,-7659,-123,390,-19
772888,1404,-39,-139,-67,-290,-11,-7711,-152,395,-19
772917,1407,-59,-157,-72,-307,-3,-7692,-119,406,-19
772943,1396,-42,-144,-69,-343,-10,-7648,-103,400,-19
772970,1403,-57,-165,-82,-363,-5,-7649,-120,381,-19
772997,1396,-54,-161,-50,-299,-7,-7720,-127,396,-19
773025,1405,-38,-159,-28,-302,-9,-7715,-112,411,-20
773052,1401,-58,-161,-21,-297,-16,-7656,-100,371,-20
773079,1403,-59,-156,-34,-279,-14,-7668,-121,388,-20
773105,1404,-46,-162,-58,-219,-21,-7712,-152,418,-19
773152,1400,-57,-154,-29,-296,-13,-7649,-90,419,-19
773179,1398,-72,-149,-16,-238,-20,-7654,-108,439,-19
773208,1402,-48,-152,-20,-238,-18,-7700,-132,439,-20
773234,1401,-53,-126,-17,-281,-20,-7717,-114,450,-20
773261,1392,-35,-150,-19,-321,-15,-7675,-92,432,-20
773287,1390,-50,-142,-38,-332,-19,-7654,-118,449,-19
773316,1387,-56,-139,-59,-288,-25,-7720,-138,459,-19
773343,1402,-41,-136,-12,-270,-20,-7725,-128,460,-19
773369,1403,-44,-139,18,-254,-32,-7666,-104,473,-18
773396,1390,-46,-141,6,-230,-34,-7655,-131,467,-19
773443,1387,-54,-124,0,-233,-26,-7725,-161,490,-19
773470,1395,-50,-108,-17,-304,-22,-7676,-124,480,-19
773498,1397,-50,-130,-19,-293,-38,-7645,-141,469,-19
773525,1391,-37,-119,-19,-257,-44,-7668,-148,482,-19
773552,1392,-34,-115,-38,-307,-44,-7726,-165,509,-18
773578,1405,-48,-124,-38,-391,-37,-7702,-154,486,-18
773607,1400,-31,-144,-42,-355,-12,-7636,-162,465,-19
773634,1410,-51,-144,-56,-337,12,-7667,-171,470,-19
773660,1401,-32,-133,-22,-272,11,-7722,-149,463,-18
773687,1391,-122,-70,-63,-349,92,-7667,-115,466,-19
773734,1425,-6,-182,-420,397,25,-7689,-137,604,-19
773761,1405,79,-201,-105,-49,28,-7734,-158,678,-19
773789,1406,-52,-129,112,-295,-4,-7726,-115,658,-19
773816,1403,-64,-105,111,-208,-22,-7688,-100,643,-18
773842,1407,-75,-130,35,23,-49,-7733,-186,750,-19
773869,1403,-67,-89,25,19,12,-7766,-154,780,-19
773898,1390,-51,-45,-50,-206,32,-7764,-132,799,-19
773924,1386,-40,-50,-65,-318,-9,-7702,-132,790,-20
773951,1394,-57,-55,-15,-380,-3,-7717,-154,786,-18
773978,1385,-56,-33,11,-267,30,-7765,-145,792,-20
774025,1402,-57,-56,-20,-249,-47,-7705,-137,796,-18
774051,1410,-41,-31,-75,-232,-24,-7706,-133,801,-19
774080,1400,-55,-10,-60,-354,-52,-7786,-169,834,-18
774107,1400,-38,-29,11,-420,-86,-7763,-177,807,-18
774133,1406,-38,-80,50,-456,-100,-7708,-160,783,-18
774160,1398,-32,-49,70,-442,-196,-7663,-227,734,-20
774189,1357,-51,-159,88,-355,-61,-7703,-244,739,-20
774215,1400,-30,-60,33,-501,-22,-7711,-241,695,-19
774242,1405,-22,-109,26,-400,-25,-7622,-226,650,-19
774268,1399,-19,-79,-44,-378,-43,-7631,-245,635,-19
774316,1408,-24,-80,-46,-534,-47,-7669,-249,594,-20
774342,1404,-13,-110,-10,-458,-38,-7627,-245,539,-18
774371,1402,-16,-109,13,-431,-38,-7597,-260,542,-18
774397,1397,-12,-136,22,-412,-41,-7653,-280,498,-18
774424,1402,-25,-137,3,-408,-13,-7646,-270,475,-18
774451,1405,-22,-137,-28,-378,-13,-7618,-245,482,-18
774479,1402,-11,-137,-24,-342,-14,-7568,-267,465,-19
774506,1414,-14,-146,-35,-228,-10,-7603,-283,466,-19
774533,1408,-6,-116,-30,-241,-16,-7635,-261,476,-18
774559,1388,-20,-129,-36,-283,-10,-7601,-245,467,-18
774606,1406,-8,-134,-27,-304,-12,-7594,-260,488,-20
774633,1394,0,-125,-30,-299,-8,-7650,-276,483,-20
774662,1403,-4,-128,-33,-310,-11,-7614,-250,476,-20
774688,1426,-14,-136,-34,-291,-16,-7572,-265,487,-18
774715,1407,-4,-124,-30,-319,-7,-7617,-277,483,-20
774742,1410,-17,-125,-31,-336,-9,-7639,-285,479,-20
774770,1389,-9,-116,-39,-300,-6,-7602,-238,490,-20
774797,1396,-9,-116,-30,-306,-6,-7573,-274,482,-20
774823,1394,-16,-119,-29,-325,-6,-7590,-285,478,-20
774852,1393,-22,-130,-33,-310,-15,-7639,-264,492,-18
774897,1399,-9,-136,-33,-312,-6,-7585,-255,462,-19
774924,1404,-12,-139,-27,-278,-6,-7621,-285,490,-19
774952,1399,-12,-124,-26,-315,-9,-7641,-284,482,-19
774979,1400,-15,-140,-21,-312,-6,-7636,-265,486,-19
775006,1402,-2,-116,-31,-274,-12,-7567,-249,486,-19
775034,1389,-13,-135,-35,-283,-10,-7592,-268,493,-19
775061,1395,-23,-126,-35,-275,-10,-7634,-285,481,-19
775088,1404,-14,-124,-29,-300,-5,-7617,-259,502,-19
775114,1395,-17,-122,-31,-325,-7,-7582,-246,489,-19
775143,1397,-8,-136,-35,-280,-6,-7628,-276,485,-19
775188,1414,-7,-114,-29,-278,-9,-7638,-265,496,-19
775217,1397,-9,-119,-26,-303,-11,-7597,-261,505,-19
775243,1398,-19,-108,-30,-294,-5,-7605,-281,517,-19
775270,1407,-4,-125,-31,-274,-11,-7651,-289,510,-19
775297,1398,-12,-95,-33,-247,-13,-7644,-279,523,-19
775325,1416,-11,-124,-42,-290,-17,-7590,-253,522,-19
775352,1398,-8,-113,-22,-285,-16,-7601,-271,527,-19
775378,1403,-13,-114,-31,-277,-11,-7660,-276,529,-19
775405,1406,-12,-108,-31,-288,-13,-7647,-263,535,-19
775434,1405,-7,-108,-27,-332,-9,-7619,-249,530,-19
775479,1399,-8,-109,-31,-289,-13,-7653,-285,530,-19
775507,1412,-14,-110,-23,-303,-10,-7672,-268,551,-19
775534,1405,-30,-94,-37,-305,-8,-7638,-247,269,-19
775561,1399,-13,-109,-31,-307,-10,-7600,-268,540,-19
775587,1401,-10,-114,-35,-336,-5,-7633,-289,545,-18
775616,1403,-11,-122,-37,-315,-13,-7650,-258,525,-19
775643,1395,-8,-104,-28,-332,-9,-7611,-260,527,-19
775669,1397,-12,-114,-31,-349,-7,-7590,-253,532,-20
775698,1404,-19,-112,-27,-310,-12,-7638,-280,537,-20
775725,1394,-8,-126,-30,-279,-8,-7654,-264,527,-19
775770,1407,-11,-96,-25,-288,-12,-7601,-269,505,-20
775798,1413,-13,-107,-29,-292,-14,-7638,-281,528,-20
775825,1406,-17,-103,-34,-286,-9,-7662,-275,536,-20
775852,1410,-10,-92,3,-243,-7,-7593,-249,553,-20
775878,1408,-3,-108,6,-254,-6,-7592,-251,551,-17
775907,1390,-17,-87,-14,-256,-14,-7626,-266,547,-19
775933,1396,-6,-86,2,-264,-9,-7663,-267,567,-20
775960,1400,-6,-100,-22,-283,-12,-7637,-248,561,-20
775989,1411,-1,-93,-17,-291,-11,-7600,-257,563,-20
776015,1400,-14,-91,-36,-334,-14,-7634,-279,572,-20
776060,1398,-18,-107,-38,-339,-14,-7648,-263,568,-19
776089,1398,-27,-98,-25,-328,-8,-7590,-245,542,-19
776116,1403,-16,-106,-27,-290,-8,-7615,-275,557,-21
776142,1396,-6,-109,-43,-296,-11,-7654,-284,559,-19
776171,1418,-13,-101,-22,-299,-17,-7635,-241,551,-19
776198,1414,-12,-118,-31,-259,-17,-7585,-259,545,-19
776224,1409,-5,-103,-8,-264,-8,-7629,-271,575,-19
776251,1418,-15,-109,-28,-302,-12,-7661,-274,556,-19
776280,1392,-23,-93,-44,-316,-10,-7663,-245,564,-20
776306,1391,-10,-86,-31,-288,-13,-7595,-249,566,-19
776353,1413,-14,-110,-30,-322,-12,-7662,-279,581,-19
776380,1399,-25,-97,-42,-336,-12,-7671,-251,570,-19
776407,1418,-18,-109,-49,-357,-14,-7594,-241,562,-20
776433,1403,-15,-87,-32,-309,-17,-7577,-270,558,-20
776462,1402,-12,-118,-30,-295,-16,-7675,-273,568,-20
776488,1405,-14,-99,-31,-300,-11,-7655,-259,565,-19
776515,1399,-20,-88,-34,-280,-11,-7625,-230,561,-17
776542,1403,-11,-103,-44,-291,-15,-7622,-281,580,-18
776570,1413,-14,-98,-28,-246,-12,-7674,-280,576,-18
776597,1395,-8,-93,0,-230,-10,-7674,-275,570,-20
776644,1397,-21,-93,-27,-319,-11,-7608,-248,595,-18
776671,1406,-8,-101,-29,-289,-9,-7649,-279,610,-18
776697,1402,-7,-86,-34,-282,-4,-7663,-264,612,-18
776724,1402,-14,-90,-33,-301,-10,-7627,-241,603,-18
776753,1403,1,-79,-34,-305,-8,-7608,-249,590,-18
776779,1404,-11,-97,-31,-319,-9,-7665,-284,612,-19
776806,1397,-12,-96,-40,-312,-11,-7681,-258,597,-19
776833,1410,-8,-107,-31,-286,-12,-7620,-250,572,-19
776861,1409,-20,-92,-43,-301,-11,-7609,-274,616,-19
776888,1394,-19,-77,-34,-288,-13,-7632,-281,611,-19
776935,1400,-16,-79,-35,-268,-9,-7644,-261,613,-18
776962,1415,-4,-87,-22,-252,-9,-7616,-259,630,-19
776988,1411,-7,-104,-30,-311,-9,-7619,-266,626,-19
777015,1391,-18,-72,-29,-338,-7,-7667,-265,632,-19
777043,1402,-17,-95,-26,-311,-10,-7654,-258,633,-19
777070,1405,-4,-76,-24,-323,-7,-7607,-267,625,-19
777097,1394,-9,-95,-23,-302,-5,-7644,-276,631,-19
777125,1407,-9,-91,-13,-291,-3,-7680,-279,620,-19
777152,1401,-15,-87,1,-301,-8,-7625,-246,604,-19
777179,1408,-12,-79,-19,-345,-6,-7609,-252,617,-19
777226,1411,1,-91,1,-315,-8,-7674,-299,617,-19
777252,1412,-7,-105,-35,-246,-6,-7662,-245,615,-19
777279,1397,-11,-76,-30,-245,-9,-7621,-252,623,-19
777308,1401,-26,-59,-23,-270,-2,-7664,-273,644,-18
777334,1397,-20,-77,-24,-271,-3,-7698,-273,641,-18
777361,1397,-13,-81,5,-280,-5,-7673,-264,629,-19
777388,1404,-21,-67,-5,-276,-9,-7602,-244,644,-19
777416,1394,-15,-78,-12,-291,-7,-7629,-274,639,-19
777443,1399,-4,-70,-30,-277,-9,-7674,-272,640,-19
777469,1399,-14,-77,-30,-288,-8,-7666,-263,644,-18
777517,1412,-17,-76,-36,-291,-17,-7614,-253,648,-18
777543,1400,1,-85,-33,-314,-10,-7691,-280,659,-18
777570,1400,-14,-72,-34,-331,-17,-7694,-260,650,-18
777598,1394,-20,-63,-35,-326,-13,-7632,-242,641,-18
777625,1406,-6,-67,-26,-306,-11,-7637,-273,641,-18
777652,1406,-8,-75,-43,-349,-11,-7676,-289,654,-18
777678,1415,-22,-83,-29,-305,-16,-7678,-264,648,-19
777707,1402,-16,-55,-18,-283,-14,-7625,-243,645,-19
777734,1404,-22,-83,-33,-312,-10,-7626,-251,633,-19
777760,1393,-28,-61,-30,-293,-9,-7703,-259,644,-19
777807,1417,-17,-78,-36,-302,-16,-7643,-249,647,-19
777834,1411,-15,-71,-38,-296,-15,-7613,-249,656,-19
777861,1401,-4,-61,-28,-288,-7,-7684,-284,669,-18
777889,1399,-27,-57,-30,-298,-14,-7697,-276,669,-19
777916,1414,0,-79,-30,-312,-11,-7664,-246,645,-19
777943,1405,-25,-84,-23,-316,-12,-7608,-260,649,-19
777969,1405,-9,-71,-32,-322,-15,-7661,-274,653,-19
777998,1400,-14,-67,-29,-318,-14,-7683,-247,661,-19
778024,1402,-9,-81,-25,-300,-8,-7629,-241,663,-19
778051,1393,-10,-79,-37,-321,-12,-7609,-263,657,-19
778098,1411,-23,-73,-30,-361,-17,-7685,-252,642,-19
778125,1403,-16,-92,-37,-347,-11,-7654,-260,633,-19
778151,1396,-7,-72,-30,-305,-10,-7621,-257,617,-19
778180,1394,-6,-89,-28,-284,-9,-7647,-267,645,-19
778207,1407,-7,-69,-33,-304,-14,-7669,-287,648,-19
778233,1408,-11,-82,-18,-278,-15,-7639,-241,625,-19
778260,1405,-12,-78,-3,-256,-10,-7616,-245,632,-19
778289,1390,0,-62,-16,-301,-8,-7627,-272,652,-19
778315,1407,-2,-75,-39,-336,-15,-7696,-270,651,-19
778342,1394,-15,-80,-44,-327,-13,-7662,-249,628,-19
778389,1397,-20,-84,-53,-374,-18,-7657,-275,614,-19
778416,1398,-9,-86,-47,-383,-14,-7682,-280,611,-18
778442,1398,-16,-69,-42,-342,-15,-7675,-264,617,-19
778471,1403,-21,-79,-30,-286,-16,-7617,-256,606,-20
778498,1394,-12,-84,-28,-278,-16,-7620,-273,629,-20
778524,1399,-5,-72,-34,-309,-9,-7670,-282,637,-20
778553,1396,-15,-88,-29,-331,-17,-7650,-258,620,-18
778579,1398,-8,-91,-35,-346,-14,-7625,-240,606,-18
778606,1413,-18,-77,-26,-297,-13,-7655,-272,615,-18
778633,1398,-6,-72,-26,-261,-13,-7688,-264,622,-18
778680,1401,-13,-75,-35,-295,-14,-7645,-252,632,-18
778706,1400,-13,-79,-36,-314,-14,-7627,-284,622,-18
778735,1412,-23,-78,-24,-305,-12,-7681,-278,628,-18
778762,1407,-17,-76,-29,-327,-17,-7690,-273,627,-19
778788,1399,-18,-77,-34,-345,-15,-7619,-247,604,-19
778815,1383,-22,-60,-32,-328,-17,-7611,-259,609,-19
778844,1403,-11,-76,-27,-304,-8,-7671,-279,612,-19
778870,1400,-18,-64,-27,-332,-18,-7672,-262,612,-19
778897,1419,-4,-96,-38,-333,-14,-7623,-242,588,-19
778924,1404,-23,-97,-39,-336,-16,-7622,-264,597,-19
778971,1406,-16,-102,-40,-315,-18,-7664,-263,591,-19
778997,1413,-16,-84,-31,-274,-12,-7650,-250,586,-19
779026,1397,-10,-84,-26,-271,-10,-7622,-266,599,-19
779053,1396,-22,-75,-29,-274,-5,-7651,-279,606,-19
779079,1403,-15,-97,-36,-286,-16,-7672,-254,616,-19
779106,1401,-24,-68,-22,-302,-9,-7627,-244,603,-19
779134,1390,-26,-69,-32,-327,-12,-7612,-250,610,-19
779161,1412,-10,-103,-32,-318,-8,-7664,-283,612,-19
779188,1405,-13,-71,-29,-319,-10,-7679,-267,614,-19
779214,1403,-22,-92,-43,-376,-13,-7657,-241,592,-19
779261,1400,-25,-98,-41,-343,-13,-7644,-278,568,-18
779288,1413,-17,-92,-24,-295,-13,-7671,-290,583,-19
779317,1408,-12,-101,-26,-257,-13,-7609,-258,597,-19
779343,1404,-16,-90,-33,-277,-11,-7600,-264,585,-19
779370,1407,-13,-95,-27,-274,-17,-7636,-263,599,-18
779397,1394,-19,-84,-29,-293,-19,-7687,-263,615,-18
779425,1401,-5,-95,-27,-312,-12,-7645,-258,605,-19
779452,1401,-12,-85,-36,-266,-16,-7605,-271,576,-19
779479,1392,-21,-86,-31,-263,-12,-7638,-294,621,-19
779505,1403,-10,-80,-29,-281,-16,-7686,-286,616,-20
779552,1406,-6,-79,-31,-314,-11,-7601,-272,605,-19
779579,1404,-9,-71,-35,-338,-7,-7626,-280,612,-19
779608,1397,-6,-71,-27,-319,-11,-7671,-293,633,-19
779634,1409,-10,-98,-25,-303,-12,-7645,-254,608,-19
779661,1408,-9,-90,-28,-263,-11,-7608,-234,611,-19
779687,1407,-8,-93,-29,-288,-14,-7662,-286,621,-19
779716,1395,-14,-74,-24,-321,-10,-7679,-274,613,-19
779743,1401,-9,-69,-30,-326,-15,-7675,-264,614,-19
779769,1401,-14,-88,-29,-307,-13,-7606,-246,611,-19
779798,1406,-17,-80,-32,-297,-11,-7616,-275,607,-19
779843,1406,-1,-93,-29,-279,-13,-7677,-269,633,-19
779870,1414,-7,-92,-33,-274,-14,-7620,-244,616,-19
779898,1404,-6,-76,-14,-286,-10,-7628,-258,616,-18
779925,1400,-15,-78,5,-268,-7,-7687,-284,648,-18
779952,1397,-8,-79,-15,-252,-11,-7687,-259,642,-18
779980,1404,-17,-72,-29,-319,-12,-7639,-247,650,-18
780007,1412,-17,-80,-28,-315,-5,-7643,-265,644,-19
780034,1408,-17,-91,-32,-310,-13,-7677,-267,659,-19
780060,1390,-28,-83,-33,-321,-16,-7689,-265,655,-20
780089,1396,-9,-86,-33,-318,-11,-7611,-240,640,-21
780134,1408,-4,-80,-33,-332,-14,-7653,-280,642,-20
780163,1406,-15,-76,-28,-320,-9,-7669,-262,639,-20
780189,1400,-7,-70,-35,-332,-16,-7634,-238,636,-20
780216,1392,-9,-74,-33,-334,-10,-7607,-255,609,-20
780242,1406,-15,-80,-30,-311,-12,-7677,-275,632,-19
780271,1408,-12,-80,-35,-277,-20,-7679,-270,636,-19
780298,1392,-18,-86,-39,-296,-13,-7658,-255,628,-19
780324,1407,-6,-75,-36,-306,-10,-7627,-268,633,-19
780351,1396,-12,-73,-25,-301,-17,-7654,-282,639,-19
780380,1401,-8,-77,-22,-315,-15,-7675,-262,638,-20
780425,1386,-12,-67,-29,-306,-16,-7612,-251,619,-21
780453,1417,-11,-88,-32,-294,-9,-7634,-272,624,-20
780480,1399,-9,-67,-34,-303,-18,-7684,-271,633,-20
780507,1398,-13,-71,-31,-319,-16,-7655,-249,628,-18
780533,1400,-16,-74,-29,-322,-16,-7617,-242,628,-19
780562,1393,-10,-81,-32,-297,-17,-7654,-295,637,-19
780589,1398,-21,-73,-33,-288,-9,-7689,-261,641,-19
780615,1406,-16,-73,-37,-274,-15,-7641,-247,650,-19
780642,1405,-22,-84,-34,-251,-19,-7609,-254,642,-19
780670,1396,-8,-92,-11,-262,-10,-7635,-260,660,-18
780716,1411,-13,-53,-1,-266,-11,-7659,-245,665,-18
780744,1398,-11,-70,-14,-263,-11,-7616,-238,661,-18
780771,1401,-7,-58,-24,-269,-14,-7612,-283,655,-19
780797,1397,-7,-72,-30,-295,-17,-7695,-283,668,-20
780824,1403,-5,-67,-38,-337,-15,-7688,-264,666,-20
780853,1406,-2,-57,-31,-313,-13,-7636,-244,675,-18
780879,1402,-11,-68,-32,-313,-14,-7649,-276,674,-18
780906,1410,-21,-47,-36,-321,-11,-7687,-274,654,-18
780935,1412,-10,-62,-37,-318,-15,-7668,-253,661,-18
780961,1412,-18,-71,-24,-306,-17,-7631,-243,654,-18
781006,1398,-1,-73,-27,-316,-18,-7703,-262,685,-20
781035,1411,-19,-52,-29,-291,-12,-7688,-255,667,-20
781062,1420,-20,-68,-39,-293,-13,-7644,-242,653,-20
781088,1406,-20,-62,-24,-300,-12,-7639,-265,675,-20
781117,1397,-7,-70,-29,-310,-10,-7686,-269,673,-20
781144,1395,-10,-57,-30,-319,-14,-7698,-267,664,-20
781170,1400,-8,-65,-28,-306,-10,-7622,-245,667,-20
781197,1382,-31,-60,-33,-293,-12,-7622,-262,663,-18
781225,1404,6,-77,-35,-291,-13,-7707,-270,665,-19
781252,1393,-12,-63,-37,-319,-12,-7683,-253,679,-19
781299,1395,-27,-53,-34,-337,-12,-7625,-258,659,-19
781326,1410,-9,-66,-28,-309,-13,-7684,-277,678,-19
781352,1398,-14,-77,-35,-303,-17,-7691,-268,667,-19
781379,1396,-11,-76,-24,-294,-15,-7660,-238,658,-19
781408,1409,-13,-79,-11,-267,-11,-7635,-244,662,-19
781434,1404,-28,-56,-4,-256,-10,-7675,-266,686,-20
781461,1401,-16,-65,-20,-306,-16,-7678,-248,669,-20
781488,1415,-13,-64,-19,-290,-14,-7653,-258,667,-19
781516,1407,-14,-66,-16,-257,-16,-7626,-238,655,-19
781543,1409,1,-52,-32,-269,-13,-7706,-273,699,-20
781590,1411,-9,-75,-33,-333,-12,-7670,-267,694,-20
781617,1431,-16,-77,-38,-358,-19,-7640,-250,673,-18
781643,1398,-14,-71,-22,-317,-16,-7664,-274,668,-18
781670,1411,-12,-70,-30,-296,-16,-7690,-269,688,-19
781699,1396,-25,-46,-24,-299,-16,-7631,-238,664,-19
781725,1408,-12,-74,-24,-321,-17,-7625,-245,670,-18
781752,1401,-9,-68,-28,-346,-16,-7649,-274,667,-19
781778,1410,-27,-88,-30,-310,-13,-7680,-269,680,-19
781807,1397,-10,-62,-32,-268,-13,-7664,-251,658,-19
781834,1409,-5,-71,0,-241,-8,-7637,-265,693,-19
781881,1402,-10,-77,-24,-311,-14,-7685,-270,679,-19
781907,1413,-17,-72,-27,-316,-11,-7683,-254,690,-19
781934,1410,-20,-74,-37,-329,-14,-7616,-253,660,-19
781961,1401,-13,-63,-32,-301,-18,-7640,-277,666,-19
781989,1394,-18,-68,-34,-329,-9,-7690,-265,662,-19
782016,1408,-28,-66,-38,-341,-16,-7668,-259,645,-19
782043,1403,-9,-66,-41,-339,-9,-7615,-252,649,-19
782071,1395,-18,-56,-39,-343,-17,-7651,-276,683,-19
782098,1404,-8,-70,-44,-351,-12,-7695,-264,665,-18
782125,1407,-16,-87,-41,-325,-17,-7677,-253,651,-18
782172,1402,-16,-62,-29,-293,-15,-7645,-276,651,-19
782198,1403,-11,-74,-30,-272,-14,-7686,-275,657,-19
782225,1412,-6,-69,-23,-286,-10,-7689,-270,659,-19
782254,1403,-26,-66,-26,-307,-15,-7628,-233,657,-19
782280,1394,-13,-65,-35,-301,-13,-7622,-259,658,-19
782307,1393,-25,-65,-29,-301,-14,-7688,-277,661,-19
782333,1405,-16,-60,-31,-316,-19,-7670,-264,658,-19
782362,1405,-12,-65,-30,-305,-11,-7635,-243,653,-19
782389,1396,-19,-73,-16,-292,-10,-7643,-272,647,-19
782415,1406,-27,-83,-26,-308,-10,-7683,-264,656,-19
782462,1389,-10,-45,-35,-312,-15,-7668,-241,648,-19
782489,1406,-4,-81,-43,-318,-20,-7624,-276,656,-19
782516,1401,-29,-65,-36,-314,-21,-7663,-274,661,-19
782544,1407,-21,-74,-32,-333,-18,-7672,-249,656,-19
782571,1409,-17,-85,-29,-299,-13,-7632,-231,647,-19
782598,1399,7,-80,-32,-294,-15,-7601,-256,652,-19
782624,1399,-21,-53,-30,-307,-11,-7683,-260,662,-19
782653,1410,-11,-73,-26,-289,-15,-7695,-275,645,-19
782680,1394,-11,-57,-30,-286,-15,-7656,-237,654,-19
782706,1414,-16,-61,-29,-288,-15,-7626,-262,660,-19
782753,1399,-19,-76,-29,-328,-14,-7689,-262,672,-19
782780,1408,-14,-72,-27,-326,-12,-7639,-229,661,-19
782807,1396,-16,-59,-33,-310,-17,-7617,-257,639,-19
782835,1394,-18,-68,-41,-297,-14,-7629,-279,658,-19
782862,1404,-1,-71,-34,-307,-16,-7692,-260,665,-19
782888,1409,-10,-80,-31,-315,-16,-7644,-242,654,-19
782917,1406,-14,-58,-36,-332,-11,-7611,-238,703,-19
782944,1394,-9,-72,-26,-291,-16,-7653,-272,668,-19
782970,1401,-23,-73,-36,-300,-14,-7685,-281,641,-19
782997,1398,-9,-53,-30,-273,-15,-7640,-243,633,-19
783044,1397,-18,-81,-31,-311,-16,-7650,-281,669,-19
783071,1410,-6,-58,-26,-320,-2,-7684,-277,670,-19
783097,1409,-8,-68,-22,-312,-9,-7659,-242,655,-19
783126,1407,-17,-62,-28,-283,-14,-7628,-247,656,-19
783153,1403,-9,-56,-30,-286,-12,-7660,-294,670,-18
783179,1411,-16,-73,-21,-308,-11,-7698,-273,662,-18
783208,1400,-14,-91,-28,-334,-10,-7688,-236,656,-18
783235,1401,-6,-79,-28,-347,-12,-7628,-251,657,-18
783261,1417,-24,-70,-33,-343,-10,-7637,-267,656,-19
783288,1404,-24,-75,-36,-322,-11,-7688,-283,640,-19
783335,1405,-12,-54,-20,-244,-6,-7623,-245,655,-18
783362,1405,-21,-63,-17,-223,-10,-7628,-253,668,-20
783390,1404,-15,-54,-32,-304,-18,-7693,-283,685,-19
783417,1407,-5,-67,-32,-325,-14,-7685,-251,663,-19
783443,1402,-2,-37,-45,-371,-21,-7651,-251,657,-18
783470,1403,-46,-76,-29,-378,-16,-7650,-262,642,-19
783499,1414,-18,-61,-30,-321,-16,-7685,-269,636,-18
783525,1407,-5,-62,-27,-4,-17,-7691,-274,638,-18
783552,1417,-18,-37,96,-264,-29,-7627,-242,638,-18
783579,1469,14,-23,169,149,-156,-7631,-273,661,-19
783626,1545,14,-82,53,88,-193,-7775,-407,779,-19
783652,1639,-15,-128,-193,59,-30,-7738,-399,791,-19
783681,1653,74,-52,-414,56,-68,-7736,-400,877,-19
783708,1717,66,-139,-258,-234,-372,-7833,-532,905,-18
783734,1509,23,-7,42,-505,-318,-7826,-549,834,-18
783761,1530,-18,-128,168,-157,-177,-7794,-583,821,-18
783790,1619,60,-105,-50,-98,-370,-7816,-686,817,-18
783816,1607,75,-117,-133,34,-674,-7857,-797,865,-18
783843,1480,87,-74,5,46,-691,-7840,-986,946,-19
783869,1413,-44,-115,-49,289,-677,-7768,-1105,981,-19
783917,1707,171,-114,-390,430,-288,-7748,-1270,1235,-19
783943,1059,-108,115,82,-374,-842,-7724,-1456,1333,-19
783972,1268,-10,-172,92,-283,-391,-7669,-1523,1300,-18
783998,1618,1,-110,-619,-754,-469,-7632,-1548,1302,-18
784025,983,46,307,10,-1274,-1148,-7561,-1802,1173,-19
784052,989,47,-216,475,-747,-825,-7493,-1932,1057,-19
784080,1307,120,-299,61,-1011,-415,-7363,-1997,863,-19
784107,1187,164,-134,-181,-1250,-638,-7291,-2071,775,-19
784134,1035,227,-58,-410,-1105,-518,-7252,-2167,721,-18
784160,977,172,-108,-443,-1088,-406,-7200,-2269,597,-19
784207,684,36,208,-1118,-312,186,-7111,-2276,766,-19
784234,801,105,333,-810,-438,686,-7182,-2241,896,-19
784263,631,47,364,-510,-105,882,-7424,-2057,1034,-20
784289,909,-74,449,-365,161,1646,-7551,-1872,1135,-19
784316,1139,-19,508,-459,-214,2151,-7863,-1356,1298,-19
784343,1529,198,358,-67,-790,2026,-8031,-1081,1274,-19
784371,1308,-35,113,107,246,1167,-8177,-871,1233,-19
784398,1879,203,-44,-385,1768,1533,-8327,-424,1745,-19
784424,2161,132,89,-665,82,1516,-8388,-148,1912,-19
784451,1256,-123,-118,-771,-674,1115,-8473,156,2110,-19
784498,1706,-286,931,-1807,1190,1220,-8752,578,2511,-19
784525,1709,-270,1085,-1011,2980,972,-8671,744,2953,-19
784553,1789,-195,657,-61,1873,868,-8511,963,3773,-19
784580,1797,-255,354,79,498,530,-8504,1016,3941,-19
784607,1586,-260,709,-186,608,-87,-8481,1064,4022,-19
784633,1318,-422,774,-77,897,-285,-8278,995,4314,-20
784662,1295,-440,454,334,2052,-114,-8114,935,4621,-20
784689,1518,-103,447,-257,1758,362,-7746,1032,5255,-20
784715,1773,-29,1389,-837,555,53,-7585,1158,5389,-20
784742,1177,-317,1280,541,1356,-555,-7478,1124,5461,-20
784789,1214,-435,267,794,2105,-410,-6556,769,6253,-19
784816,847,-465,284,-179,872,-710,-6310,704,6383,-20
784844,992,-372,852,-853,437,-563,-6141,716,6442,-20
784871,831,-460,1050,-841,201,-863,-5897,782,6604,-20
784898,687,-404,1052,-828,2,-577,-5831,804,6688,-20
784924,900,-303,1262,-820,-408,-448,-5812,938,6680,-19
784953,983,-345,1267,-318,-689,-453,-5814,959,6626,-19
784979,805,-407,917,-16,-600,-395,-5839,937,6620,-19
785006,868,-368,799,-101,-551,-230,-5938,889,6618,-19
785035,955,-314,895,-399,-389,-265,-5956,928,6591,-19
785080,710,-384,956,-5,-65,-313,-5898,940,6549,-19
785108,794,-369,770,101,178,73,-5788,894,6690,-18
785135,904,-323,674,8,-11,133,-5736,917,6722,-19
785162,917,-283,757,-224,-432,17,-5715,971,6684,-18
785188,988,-281,980,-316,-643,-74,-5759,989,6649,-20
785217,1002,-244,992,-167,-686,-297,-5833,984,6663,-20
785244,965,-277,978,3,-437,-338,-5915,945,6634,-19
785270,946,-285,890,133,-355,-294,-5898,901,6587,-19
785297,912,-291,886,94,-317,-168,-5907,855,6575,-19
785326,934,-265,937,42,-334,-69,-5916,809,6611,-19
