213778,350,424,1228,14,11,-57,-2105,-4290,6637,-14
213805,366,437,1237,20,29,-67,-2084,-4278,6619,-16
213831,368,436,1255,38,24,-83,-2088,-4304,6641,-16
213860,382,410,1229,60,12,-69,-2088,-4316,6656,-16
213886,378,377,1187,60,4,-70,-2103,-4281,6607,-15
213913,345,359,1184,30,-4,-80,-2090,-4277,6623,-15
213942,351,359,1195,-22,-12,-89,-2110,-4320,6660,-15
213968,367,430,1241,-38,-11,-89,-2112,-4289,6648,-16
213995,371,443,1270,-21,-4,-83,-2096,-4272,6624,-16
214022,348,436,1261,12,-11,-60,-2120,-4308,6666,-16
214069,305,402,1243,31,-3,-91,-2125,-4287,6657,-16
214095,339,396,1209,39,20,-65,-2105,-4258,6611,-16
214122,358,384,1215,33,20,-50,-2119,-4313,6662,-15
214151,391,412,1212,4,32,-80,-2120,-4319,6676,-15
214177,384,415,1225,20,5,-90,-2126,-4281,6645,-16
214204,358,387,1218,20,-20,-80,-2126,-4285,6634,-15
214233,360,406,1234,16,19,-70,-2114,-4321,6659,-15
214259,361,434,1238,12,12,-92,-2114,-4310,6673,-16
214286,405,396,1218,37,17,-115,-2112,-4263,6609,-16
214312,396,415,1199,8,36,-108,-2117,-4315,6630,-15
214360,339,412,1228,32,5,-140,-2111,-4296,6659,-15
214386,323,383,1209,25,11,-122,-2099,-4290,6600,-16
214413,302,390,1206,-2,-1,-116,-2099,-4312,6614,-16
214441,320,370,1217,-9,9,-102,-2092,-4326,6657,-16
214468,325,405,1225,-32,31,-72,-2087,-4277,6624,-16
214495,361,423,1245,-18,22,-53,-2092,-4282,6615,-16
214521,362,433,1227,7,14,-69,-2104,-4317,6674,-16
214550,387,396,1208,5,25,-44,-2091,-4279,6673,-16
214577,397,401,1197,-14,17,-68,-2085,-4257,6627,-16
214603,378,410,1200,-34,0,-105,-2101,-4297,6670,-16
214650,355,401,1237,-48,6,-98,-2122,-4275,6683,-16
214677,275,337,1185,-14,-45,-73,-2129,-4230,6636,-16
214704,314,329,1205,-67,6,23,-2158,-4262,6699,-16
214732,357,367,1242,-85,9,-60,-2170,-4258,6717,-16
214759,377,431,1291,-81,-5,-29,-2168,-4215,6698,-16
214786,362,440,1294,-33,-3,-61,-2183,-4220,6729,-16
214812,348,403,1248,0,-1,-31,-2183,-4235,6757,-16
214841,388,382,1237,-6,16,-39,-2193,-4223,6758,-16
214867,391,398,1237,-12,8,-87,-2167,-4180,6701,-16
214894,355,410,1236,4,-2,-83,-2184,-4200,6732,-16
214941,341,325,1217,25,-1,-25,-2212,-4198,6777,-16
214968,371,359,1231,-20,12,-75,-2204,-4159,6721,-16
214994,378,367,1229,-4,-5,-57,-2213,-4192,6751,-17
215023,370,350,1227,-7,18,-5,-2210,-4207,6794,-15
215050,373,359,1223,20,0,-22,-2232,-4151,6743,-15
215076,403,366,1232,-6,1,-50,-2215,-4151,6752,-15
215103,401,376,1238,-5,12,-45,-2238,-4178,6797,-16
215132,402,353,1226,6,-11,-47,-2256,-4144,6789,-15
215158,376,382,1234,12,-11,-62,-2238,-4139,6770,-15
215185,378,347,1229,18,-2,-62,-2249,-4136,6769,-16
215232,372,374,1238,14,-8,-79,-2274,-4146,6784,-15
215259,371,371,1253,8,1,-94,-2263,-4127,6739,-17
215285,357,393,1278,22,8,-83,-2259,-4146,6824,-15
215314,350,398,1274,52,28,-90,-2270,-4182,6797,-15
215341,350,371,1248,81,34,-76,-2263,-4161,6755,-15
215367,353,356,1235,94,39,-66,-2242,-4175,6748,-16
215394,385,355,1209,76,54,-76,-2247,-4199,6778,-15
215422,378,360,1233,57,54,-57,-2232,-4181,6780,-15
215449,369,369,1232,66,49,-57,-2207,-4168,6739,-15
215476,386,352,1216,69,42,-48,-2206,-4196,6743,-15
215523,396,369,1227,43,50,-78,-2197,-4186,6769,-15
215549,362,403,1235,43,24,-86,-2179,-4184,6701,-15
215576,344,358,1206,57,12,-60,-2183,-4207,6735,-15
215605,349,394,1228,45,49,-74,-2183,-4232,6775,-15
215631,352,368,1257,54,61,-84,-2175,-4183,6715,-15
215658,307,396,1296,69,101,-84,-2153,-4193,6710,-15
215685,370,480,1363,128,190,-60,-2145,-4246,6749,-16
215713,281,578,1459,273,219,-65,-2085,-4239,6725,-16
215740,158,478,1342,509,136,141,-2053,-4243,6653,-16
215767,248,509,1347,674,83,89,-2011,-4301,6628,-16
215814,435,534,1296,554,99,-133,-1839,-4449,6486,-15
215840,318,569,1300,369,689,260,-1746,-4423,6430,-15
215867,186,621,1289,474,833,708,-1673,-4414,6419,-15
215896,277,593,1151,740,1415,660,-1446,-4397,6388,-17
215922,121,498,1093,1011,1818,384,-1211,-4373,6298,-16
215949,393,580,1023,908,885,167,-1005,-4364,6166,-15
215975,308,660,1030,869,-358,-509,-847,-4424,6006,-15
216004,209,630,1106,835,-802,-686,-854,-4422,5912,-15
216031,221,540,1131,651,-355,-497,-875,-4380,5695,-16
216057,177,685,1070,470,171,179,-906,-4399,5637,-16
216104,198,802,1101,653,483,-59,-908,-4382,5560,-16
216131,216,972,1221,880,264,-427,-869,-4404,5301,-17
216158,166,944,1125,1201,-224,-891,-864,-4511,5212,-17
216186,64,779,954,1020,-187,-807,-868,-4590,5118,-16
216213,132,898,1022,573,161,-136,-958,-4598,4908,-16
216240,112,1015,1062,611,176,-234,-1002,-4640,4823,-16
216266,133,948,983,708,233,-271,-1058,-4755,4738,-16
216295,94,829,865,648,135,-245,-1168,-4878,4567,-17
216322,137,845,819,352,11,-214,-1229,-4908,4465,-17
216348,74,1180,1082,302,22,-491,-1266,-4986,4421,-15
216395,194,1067,893,569,195,-34,-1371,-5245,4202,-16
216422,54,911,895,484,170,-108,-1418,-5277,4086,-16
216449,10,1303,1089,324,263,-539,-1410,-5385,4022,-15
216475,-21,1218,956,508,245,-769,-1267,-5561,3881,-16
216504,20,1129,841,567,41,-740,-1202,-5596,3761,-16
216530,46,1025,784,391,96,-1168,-1114,-5630,3661,-16
216557,-100,1058,800,203,220,-1491,-747,-5823,3565,-16
216586,-111,1184,789,146,614,-1551,-529,-5835,3552,-14
216612,-146,1042,697,68,715,-1528,-303,-5817,3486,-16
216639,-136,974,693,-147,820,-1392,195,-5845,3449,-15
216686,-583,1010,860,-111,1018,-1333,727,-5810,3474,-16
216713,-553,1043,841,136,1090,-590,891,-5760,3417,-16
216739,-599,1010,756,414,1084,-103,1074,-5818,3233,-16
216766,-550,987,715,747,576,521,1049,-5904,3167,-16
216795,-517,1205,761,955,378,546,950,-5942,3019,-16
216821,-641,1180,663,1185,533,888,688,-6029,2673,-16
216848,-429,1200,510,1232,267,1002,542,-6136,2507,-16
216877,-426,1278,509,1504,-249,1068,158,-6205,2127,-16
216903,-372,1296,475,1679,-355,1001,-23,-6202,1881,-16
216930,-409,1210,250,1693,-518,759,-173,-6223,1604,-16
216977,-367,1128,128,1581,-870,1197,-620,-6193,933,-16
217004,-168,1144,30,1567,-1461,1510,-833,-6126,695,-16
217030,-459,1229,201,1542,-1129,1675,-1025,-6110,453,-16
217059,-200,1139,-3,1353,-752,1576,-1485,-5994,33,-15
217085,62,1172,-151,1065,-827,1278,-1653,-5877,-149,-17
217112,63,1027,-314,1049,-1532,1316,-1770,-5785,-310,-15
217139,101,1034,-193,757,-1570,1162,-1903,-5682,-669,-15
217167,98,1052,-106,226,-860,310,-1922,-5631,-714,-15
217194,192,1204,-92,178,-925,-28,-1868,-5577,-738,-15
217221,86,1200,-115,550,-1481,205,-1689,-5505,-967,-15
217268,196,1044,-288,77,-1208,380,-1600,-5449,-1090,-16
217294,440,1369,-148,-180,-704,55,-1556,-5428,-1090,-16
217321,244,1244,-156,-168,-473,-285,-1408,-5477,-1090,-16
217348,312,1163,-156,-146,-385,-568,-1318,-5515,-1081,-16
217376,136,1203,-76,-180,-239,-648,-1225,-5515,-1045,-17
217403,122,1158,-92,-161,-181,-936,-954,-5509,-1023,-17
217430,34,1240,-46,-395,174,-1082,-804,-5557,-988,-17
217458,-21,1269,1,-256,41,-722,-695,-5626,-928,-17
217485,48,1100,-93,-282,461,-625,-569,-5570,-850,-17
217511,-130,1113,-23,-371,868,-607,-538,-5606,-801,-17
217559,180,1372,124,-214,934,272,-698,-5699,-727,-16
217585,-98,1360,33,108,611,-114,-833,-5613,-730,-16
217612,-2,1322,-4,6,577,2,-870,-5616,-741,-16
217638,62,1421,-8,-134,334,178,-992,-5667,-679,-16
217667,522,1386,78,-415,-516,212,-1029,-5642,-633,-17
217694,-39,1251,-33,-442,-102,-333,-1001,-5639,-594,-17
217720,60,1609,408,-402,-43,-120,-930,-5751,-447,-15
217749,-122,1652,281,27,63,-447,-905,-5729,-447,-17
217776,60,1343,293,304,369,126,-912,-5664,-480,-15
217802,207,1291,132,535,916,222,-1090,-5612,-614,-15
217849,344,1336,-14,1139,801,-167,-1264,-5479,-808,-16
217876,60,1250,-175,1383,933,-246,-1307,-5324,-966,-16
217903,54,1241,-233,1178,948,-79,-1435,-5134,-1274,-16
217929,47,1407,-494,861,1023,147,-1550,-5056,-1344,-15
217958,283,1538,-463,-295,246,380,-1684,-4980,-1346,-17
217985,318,1358,-466,-351,-186,106,-1747,-4967,-1267,-16
218011,214,1466,-231,-359,-256,-203,-1704,-5025,-1202,-16
218038,40,1561,-324,-720,-270,18,-1695,-5090,-1134,-16
218066,443,1515,-45,-1111,-447,405,-1746,-5145,-858,-17
218093,9,1304,186,-1031,-24,201,-1778,-5232,-744,-17
218140,554,1336,-105,-101,309,511,-2064,-5292,-577,-17
218167,320,1474,-92,-88,-102,57,-2151,-5214,-529,-17
218193,346,1372,-61,101,-46,91,-2164,-5221,-527,-17
218220,381,1486,-67,-18,-37,-154,-2157,-5248,-536,-17
218249,341,1436,-268,155,-491,-512,-2023,-5243,-519,-17
218275,94,1302,-187,111,-479,-497,-1902,-5208,-565,-17
218302,110,1299,-51,39,-14,-60,-1832,-5263,-577,-17
218329,296,1311,-85,72,192,130,-1884,-5271,-538,-17
218357,228,1090,-138,206,109,186,-1917,-5203,-532,-17
218384,251,1018,-210,-53,-138,91,-1948,-5227,-527,-15
218431,222,1281,-101,-58,-279,-14,-1951,-5258,-397,-16
218458,168,1229,227,-407,-149,-142,-1915,-5225,-339,-15
218484,-95,1668,131,150,668,248,-1971,-5261,-279,-17
218511,210,1362,0,475,460,170,-2020,-5239,-299,-17
218540,488,1333,-162,258,173,-26,-2031,-5191,-305,-17
218566,-200,1370,423,-132,280,284,-2036,-5162,-302,-18
218593,357,1556,-232,519,652,490,-2166,-5139,-337,-16
218619,167,1186,-515,152,202,-675,-2170,-5146,-349,-17
218648,53,1171,511,-447,-218,-539,-1988,-5139,-284,-17
218675,319,1205,-87,0,158,50,-2007,-5150,-280,-15
218722,321,1528,-113,-243,-222,-819,-1906,-5254,-193,-17
218748,96,1383,169,-195,-600,-717,-1644,-5254,-168,-17
218775,5,1468,28,-94,46,-551,-1546,-5307,-173,-16
218802,155,1320,-65,76,275,-378,-1508,-5353,-156,-17
218830,192,1313,1,-141,95,-425,-1447,-5335,-126,-17
218857,-28,1413,94,-360,223,-466,-1376,-5343,-71,-17
218884,45,1130,-427,-1290,2042,-327,-1359,-5397,-24,-17
218910,163,1270,344,-3886,3546,-665,-1608,-5731,1028,-17
218939,-200,1463,612,-2891,2769,-1020,-1542,-5785,1530,-17
218966,-367,1524,533,-819,765,-461,-1470,-5833,1813,-15
219011,-208,1172,425,120,-407,-152,-1363,-5893,1881,-16
219039,-113,1255,385,0,-367,-86,-1353,-5852,1865,-16
219066,5,1471,442,135,-949,-191,-1354,-5858,1836,-17
219092,-104,1422,345,360,-1868,-587,-1188,-5912,1738,-17
219121,-58,1278,517,209,-1427,-611,-1095,-5879,1683,-17
219148,-187,1390,508,-164,254,-337,-1001,-5858,1674,-17
219174,-32,1275,378,22,134,-279,-969,-5912,1684,-15
219201,-31,1237,371,104,-354,-159,-957,-5928,1676,-15
219230,181,1272,287,299,-679,356,-1080,-5843,1571,-17
219256,159,1293,372,931,-908,789,-1237,-5840,1428,-16
219301,12,1305,303,994,-1059,-575,-1078,-5845,1150,-16
219330,-33,1388,304,1211,-1274,-359,-901,-5695,799,-16
219357,50,1282,81,994,-843,-392,-818,-5695,637,-16
219383,-146,1351,196,440,-483,-134,-739,-5711,556,-17
219410,-105,1343,253,388,-99,390,-831,-5619,477,-17
219439,25,1350,169,264,318,747,-960,-5613,448,-16
219465,21,1261,153,100,25,319,-1068,-5628,402,-16
219492,124,1328,63,-13,-36,-33,-1071,-5625,420,-17
219521,143,1455,210,-116,-216,-22,-1086,-5597,463,-17
219547,51,1335,199,-115,-221,-313,-1058,-5594,450,-17
219592,-27,1366,195,76,-449,-137,-922,-5630,472,-16
219621,-23,1418,250,180,-29,445,-975,-5582,446,-16
219648,212,1307,83,330,477,460,-1081,-5553,407,-16
219674,615,1180,-6,67,589,98,-1210,-5599,390,-16
219701,-5,1319,181,48,313,-513,-1147,-5603,420,-16
219729,66,1410,266,-91,231,-98,-1077,-5561,423,-15
219756,175,1328,219,-685,917,430,-1255,-5642,533,-18
219783,99,1354,197,-483,692,-36,-1331,-5661,660,-16
219811,46,1295,135,-465,301,-62,-1336,-5634,809,-16
219838,295,1451,214,-452,227,115,-1409,-5676,847,-15
219883,-19,1260,207,-145,-119,-53,-1393,-5726,901,-15
219912,-281,1598,240,-378,97,448,-1423,-5669,960,-17
219938,447,1294,207,499,-744,-75,-1594,-5673,905,-15
219965,2,1272,196,210,-564,-389,-1528,-5705,848,-15
219992,67,1431,254,339,-560,-17,-1469,-5626,783,-16
220020,162,1361,254,479,-757,-22,-1438,-5610,681,-16
220047,49,1196,146,128,89,681,-1459,-5625,621,-15
220073,361,1377,73,222,143,940,-1713,-5606,637,-16
220100,131,1242,215,301,-559,-368,-1657,-5557,581,-16
220129,237,1209,161,346,-717,-434,-1576,-5538,508,-17
220174,159,1326,254,78,-187,230,-1486,-5564,431,-16
220203,1001,869,269,240,120,129,-1513,-5502,434,-17
220229,499,1242,-29,609,707,-642,-1400,-5487,379,-17
220256,-99,1348,190,354,1045,-1080,-1218,-5512,311,-17
220282,-14,1293,12,433,235,-160,-1200,-5460,269,-15
220311,56,1520,-24,486,139,-188,-1195,-5391,218,-15
220338,-276,1522,-359,1219,-298,-1256,-905,-5345,-44,-15
220364,-181,1416,-17,632,-839,-564,-760,-5320,-128,-15
220391,-47,1178,122,400,-826,-60,-722,-5247,-177,-17
220420,158,1157,-53,289,-247,15,-646,-5176,-324,-15
220465,61,1526,-167,-440,702,-538,-609,-5215,-275,-15
220493,-149,1213,84,-439,604,-527,-596,-5217,-201,-15
220520,-76,1288,4,19,458,-124,-584,-5238,-169,-15
220547,-16,1403,-25,-20,302,120,-621,-5280,-180,-15
220573,1,1524,9,-104,309,88,-675,-5276,-134,-15
220602,-14,1381,29,-68,284,-134,-711,-5242,-107,-15
220628,-55,1410,-13,-59,157,-144,-704,-5270,-93,-15
220655,-93,1349,29,-134,139,137,-751,-5294,-61,-17
220682,-18,1328,30,-88,176,185,-814,-5271,-32,-17
220710,53,1322,2,-73,110,106,-848,-5287,-6,-17
220755,-44,1364,47,-64,226,133,-957,-5331,41,-15
220782,53,1344,82,39,163,239,-1011,-5272,32,-17
220811,0,1333,73,181,46,157,-1040,-5284,-3,-15
220837,54,1433,1,439,286,291,-1132,-5283,-65,-16
220864,67,1352,10,500,159,112,-1171,-5233,-109,-16
220891,26,1250,-10,455,190,63,-1207,-5161,-155,-16
220919,4,1362,7,203,107,-135,-1212,-5172,-262,-17
220946,129,1344,-80,104,-9,-180,-1198,-5189,-250,-15
220973,-14,1354,-53,23,-174,-258,-1184,-5149,-236,-16
221001,20,1366,-90,-30,-308,-65,-1118,-5139,-253,-16
221046,51,1353,-33,-253,-657,-64,-1056,-5204,-220,-16
221073,-10,1360,-1,-114,-368,-57,-1032,-5186,-190,-16
221102,64,1345,-24,-42,-184,26,-1008,-5193,-199,-16
221128,55,1351,-11,-29,6,-18,-1015,-5240,-190,-16
221155,25,1357,17,-26,99,-49,-1041,-5224,-162,-16
221181,52,1372,1,79,214,118,-1098,-5163,-156,-15
221210,-56,1404,-138,162,650,-696,-1078,-5203,-192,-17
221237,59,1352,-52,-5,35,-179,-1005,-5226,-209,-16
221263,179,1321,49,-38,0,-228,-983,-5167,-185,-16
221290,109,1346,-37,-103,-204,-524,-908,-5162,-182,-16
221337,-95,1363,3,37,-154,-311,-741,-5255,-171,-16
221364,-86,1361,-13,144,-2,-85,-709,-5183,-183,-16
221392,36,1335,-43,180,156,-44,-725,-5178,-218,-16
221419,48,1339,-79,14,103,-234,-724,-5215,-251,-16
221446,-28,1344,24,-34,48,-357,-653,-5191,-199,-16
221472,-21,1362,42,-46,-11,-288,-623,-5161,-198,-16
221501,-67,1357,-60,63,101,-375,-532,-5219,-216,-16
221528,-147,1367,-91,19,64,-311,-498,-5230,-217,-16
221554,-132,1362,-29,250,36,-106,-492,-5179,-211,-16
221581,-68,1349,-38,66,94,-55,-491,-5200,-237,-16
221628,-60,1353,-25,-68,63,-144,-485,-5228,-215,-16
221655,-104,1363,10,-97,67,-205,-481,-5194,-194,-16
221681,-114,1357,-13,-82,91,-175,-435,-5223,-190,-17
221710,-57,1346,-12,-65,-6,-195,-416,-5270,-197,-15
221736,-70,1343,19,-102,242,-337,-401,-5242,-150,-17
221763,-107,1347,2,-47,117,-389,-327,-5209,-124,-16
221790,-191,1370,2,16,191,-344,-279,-5257,-145,-16
221818,-237,1365,-9,53,174,-183,-244,-5273,-153,-16
221845,-230,1352,-20,49,53,126,-302,-5225,-139,-16
221872,-160,1356,15,42,-5,225,-342,-5215,-157,-16
221919,-151,1383,-101,81,145,506,-471,-5269,-160,-15
221945,-21,1353,21,-16,26,407,-643,-5214,-119,-17
221972,-55,1346,-42,86,141,238,-691,-5217,-151,-16
222001,-96,1350,-28,26,34,216,-721,-5266,-157,-16
222027,-70,1351,3,-58,-161,164,-802,-5247,-114,-16
222054,-27,1351,36,-37,-150,139,-836,-5203,-117,-16
222081,54,1338,8,60,-91,4,-846,-5241,-136,-16
222109,7,1358,-21,-17,-117,-122,-835,-5264,-107,-16
222136,-36,1354,-9,-10,-4,-77,-838,-5229,-91,-16
222162,-5,1359,8,-8,56,-133,-824,-5214,-117,-16
222210,38,1349,-16,-4,68,-149,-806,-5264,-101,-16
222236,-26,1351,-8,-23,29,-228,-799,-5242,-88,-16
222263,-74,1359,23,32,31,-134,-779,-5230,-88,-17
222291,-14,1357,-6,57,-41,-116,-749,-5282,-113,-16
222318,-41,1350,7,62,-63,-145,-734,-5258,-99,-16
222345,-12,1350,-14,66,-16,-129,-702,-5226,-111,-16
222371,-72,1351,1,93,-24,-132,-690,-5254,-149,-16
222400,-65,1369,-31,96,-50,-72,-690,-5279,-139,-16
222427,-47,1353,-5,48,-166,-34,-680,-5202,-138,-16
222453,-24,1356,-12,61,-86,-26,-698,-5201,-180,-15
222500,-21,1347,-48,30,-50,-35,-677,-5248,-178,-16
222527,-24,1351,-23,-12,-25,-81,-689,-5194,-156,-16
222554,-82,1367,-2,-23,-16,-86,-691,-5208,-168,-16
222580,-26,1359,-29,29,-35,2,-689,-5255,-164,-16
222609,-31,1350,-31,0,25,-21,-704,-5218,-142,-16
222636,-27,1360,-39,-32,10,-26,-715,-5192,-138,-14
222662,-44,1356,2,-74,-56,37,-720,-5236,-149,-15
222691,5,1355,-7,9,107,46,-766,-5282,-106,-15
222717,-15,1361,12,15,119,-17,-796,-5227,-103,-15
222744,21,1343,-18,1,82,-127,-799,-5216,-125,-15
222791,-102,1364,-4,-63,-147,-119,-757,-5267,-98,-16
222818,-19,1342,68,-33,-274,-10,-765,-5247,-83,-15
222844,-50,1363,38,135,-45,84,-739,-5229,-100,-16
222871,31,1350,-74,203,104,129,-807,-5254,-154,-16
222900,52,1354,-112,17,1,23,-828,-5225,-147,-16
222926,35,1361,5,-207,-56,-202,-839,-5200,-123,-15
222953,-21,1350,18,-101,121,-271,-776,-5265,-110,-17
222980,-36,1369,28,-26,151,-229,-763,-5294,-83,-15
223008,-47,1361,12,78,227,-182,-767,-5267,-80,-15
223035,-13,1354,21,94,154,-122,-751,-5250,-107,-17
223082,8,1348,-11,250,46,-104,-760,-5281,-138,-17
223109,-29,1351,-33,219,102,-127,-737,-5218,-150,-16
223135,-17,1358,-71,98,79,-127,-729,-5196,-225,-17
223162,-28,1358,-13,16,93,-141,-714,-5230,-209,-17
223191,-97,1364,-22,55,136,-179,-721,-5196,-186,-16
223217,-89,1362,10,105,132,-132,-706,-5163,-216,-16
223244,-16,1342,-49,197,65,70,-726,-5165,-254,-16
223270,-9,1359,-103,78,-6,-61,-736,-5196,-247,-16
223299,-58,1358,-80,-73,-67,-128,-730,-5150,-225,-17
223326,-103,1353,-22,-153,-64,-74,-705,-5167,-247,-17
223371,-14,1366,-9,-44,65,70,-763,-5220,-176,-17
223399,36,1357,-18,131,175,-9,-788,-5178,-171,-17
223426,-48,1360,-14,150,116,-148,-782,-5162,-216,-17
223453,-117,1362,-50,144,77,-92,-763,-5224,-235,-17
223479,9,1349,-55,113,33,-56,-784,-5176,-234,-17
223508,-20,1354,-6,147,-57,-321,-765,-5150,-246,-17
223535,-127,1367,-97,270,-2,-289,-671,-5159,-336,-17
223561,-100,1353,-90,214,-40,-95,-663,-5166,-360,-17
223588,-50,1358,-173,87,-36,-30,-667,-5120,-356,-17
223617,-100,1354,-40,-137,-72,-83,-667,-5109,-335,-17
223662,-14,1349,-67,-77,40,-17,-689,-5184,-309,-16
223690,-11,1342,42,-71,-32,-198,-680,-5154,-266,-16
223717,-85,1361,-59,119,32,-240,-624,-5152,-316,-16
223744,-60,1362,-79,159,9,-119,-608,-5182,-344,-15
223770,-103,1366,-121,34,-21,-118,-603,-5156,-319,-17
223799,-90,1354,-80,-123,-92,-1,-605,-5111,-296,-17
223825,-98,1360,-27,-101,-127,10,-612,-5172,-296,-16
223852,-24,1352,-46,-99,-154,-51,-607,-5204,-281,-16
223879,-104,1352,25,36,-42,-123,-597,-5157,-233,-16
223907,-76,1360,-77,167,112,-49,-592,-5149,-250,-16
223952,-41,1339,-66,4,46,-12,-621,-5208,-27,-16
223981,-63,1359,-48,-24,71,-46,-654,-5133,-261,-16
224008,-79,1358,-12,-50,24,-44,-661,-5160,-280,-16
224034,-31,1344,-32,10,6,-28,-660,-5207,-243,-16
224061,-65,1353,-20,32,0,-76,-658,-5191,-242,-16
224090,-42,1370,-58,112,-26,-41,-670,-5126,-252,-16
224116,-29,1358,-105,51,-34,-64,-667,-5190,-287,-16
224143,-52,1347,-63,-50,-24,-91,-654,-5194,-268,-16
224169,-95,1364,-23,-20,42,-87,-653,-5159,-247,-16
224198,-68,1364,-41,1,36,-31,-670,-5165,-277,-16
224243,-56,1359,-41,4,34,-112,-662,-5202,-256,-16
224272,-66,1367,-52,-14,16,-110,-656,-5150,-229,-16
224299,-75,1354,-39,18,5,-77,-671,-5174,-275,-16
224325,-45,1355,-52,-17,10,-98,-655,-5218,-250,-16
224352,-72,1361,3,-3,-1,-71,-652,-5206,-226,-15
224380,-4,1344,-52,102,-17,-43,-655,-5150,-243,-16
224407,-54,1362,-73,64,16,-139,-640,-5168,-280,-16
224434,-90,1364,-38,57,63,-131,-636,-5190,-276,-16
224460,-18,1333,-75,91,88,-40,-655,-5129,-271,-16
224489,-71,1357,-62,16,125,-154,-654,-5138,-277,-16
224534,-30,1347,-78,-1,105,9,-667,-5187,-284,-16
224561,-64,1353,-60,-74,40,-62,-692,-5139,-253,-16
224589,-59,1349,-46,-96,-19,-74,-694,-5163,-247,-16
224616,-80,1353,-16,-54,54,-9,-692,-5213,-252,-16
224643,-33,1341,-32,22,65,-31,-723,-5185,-198,-16
224671,-30,1352,-50,11,45,-104,-735,-5160,-208,-16
224698,-69,1352,-11,-65,-27,-108,-719,-5185,-167,-16
224724,-51,1354,-18,34,-1,-46,-712,-5218,-219,-16
224751,-36,1358,-51,42,-57,-41,-718,-5177,-192,-16
224780,-53,1355,-19,-14,-108,-70,-710,-5189,-223,-16
224825,-67,1367,-26,-37,-38,-69,-709,-5218,-189,-16
224851,-55,1353,-30,2,-26,-14,-729,-5192,-162,-16
224880,-75,1356,-29,13,-3,27,-745,-5192,-202,-16
224907,-28,1353,-33,15,-17,89,-770,-5233,-209,-16
224933,-17,1352,-25,15,-34,101,-787,-5216,-179,-16
224960,-25,1362,-18,25,-22,83,-822,-5168,-190,-16
224989,23,1350,-49,7,-24,43,-850,-5216,-194,-15
225015,-16,1355,-6,20,-3,-39,-845,-5229,-190,-15
225042,-7,1355,-39,55,13,-33,-868,-5171,-186,-17
225069,-18,1357,-37,28,-21,-25,-879,-5162,-180,-15
225116,-7,1359,-25,39,1,-61,-879,-5232,-194,-16
225142,-17,1355,-30,22,3,-55,-894,-5152,-192,-16
225171,-1,1351,-36,-3,-12,-89,-870,-5189,-211,-16
225198,-23,1366,-26,-16,-14,-110,-857,-5220,-216,-16
225224,-20,1362,-34,12,14,-83,-870,-5182,-164,-16
225251,10,1356,-38,20,32,-79,-863,-5165,-180,-16
225280,-7,1354,-27,-6,20,-126,-870,-5195,-203,-16
225306,-12,1356,-9,15,29,-116,-849,-5223,-170,-16
225333,-10,1344,-34,19,31,-101,-841,-5176,-161,-16
225359,-39,1365,-2,-15,35,-121,-847,-5164,-158,-16
225406,-2,1362,-50,65,54,3,-846,-5225,-174,-16
225433,12,1353,-36,-2,29,-63,-869,-5153,-168,-17
225462,-9,1359,-30,21,56,-59,-875,-5184,-172,-16
225488,-33,1359,-12,36,56,-49,-884,-5226,-180,-16
225515,5,1360,-55,76,80,-61,-884,-5210,-167,-16
225542,-38,1349,-47,60,40,-72,-890,-5172,-132,-16
225570,-15,1354,-35,26,-14,-27,-877,-5213,-197,-16
225597,1,1359,-36,-9,-31,-59,-892,-5215,-199,-16
225624,-47,1359,-21,-20,-38,-94,-896,-5175,-149,-16
225650,-47,1367,-12,21,14,96,-913,-5184,-174,-16
225697,57,1351,-35,15,40,134,-974,-5217,-176,-16
225724,-6,1374,-55,-51,44,81,-1042,-5164,-157,-16
225751,79,1350,7,-35,15,127,-1061,-5185,-155,-16
225779,-2,1374,9,37,85,-9,-1071,-5235,-156,-16
225806,15,1348,-2,86,43,68,-1127,-5180,-143,-16
225832,39,1354,-40,7,-46,94,-1149,-5158,-154,-16
225861,34,1370,-35,0,-69,68,-1163,-5166,-152,-16
225888,75,1338,-63,-71,-48,31,-1180,-5204,-138,-16
225914,64,1359,5,-106,-40,-83,-1190,-5181,-101,-16
225941,61,1350,7,-61,73,-12,-1207,-5158,-86,-16
225988,55,1354,-2,-3,179,-140,-1219,-5227,-82,-16
226015,44,1354,-9,19,223,-137,-1217,-5191,-58,-16
226041,56,1220,-96,562,331,-932,-1210,-5173,-102,-16
226070,-26,1365,-27,131,91,-180,-1083,-5195,-200,-16
226097,94,1364,-106,-11,-100,-100,-1080,-5157,-190,-16
226123,47,1352,-34,-49,-116,-55,-1084,-5129,-180,-15
226150,-6,1349,-25,-45,-96,-114,-1052,-5177,-191,-15
226179,10,1358,-42,-42,-94,-97,-1049,-5193,-194,-15
226205,6,1363,-12,-66,-137,-118,-1047,-5185,-144,-15
226232,2,1350,-41,-37,-144,-100,-1010,-5157,-171,-16
226279,15,1355,-32,60,119,-69,-1006,-5224,-168,-16
226306,24,1350,-50,17,63,-95,-1017,-5180,-151,-16
226332,-5,1355,-34,-45,26,-130,-1012,-5190,-164,-14
226361,-3,1366,10,-54,16,-132,-992,-5223,-156,-16
226387,-22,1370,10,23,39,-89,-1005,-5186,-170,-16
226414,21,1353,-30,48,54,-89,-993,-5169,-127,-16
226441,-33,1352,-21,40,58,-169,-986,-5208,-145,-16
226469,-22,1361,-23,41,68,-127,-962,-5210,-135,-16
226496,-16,1364,-29,31,45,-106,-962,-5187,-135,-16
226523,-10,1351,-24,53,88,-121,-966,-5169,-154,-16
226570,-21,1355,-38,80,104,-123,-947,-5203,-146,-16
226596,-28,1363,-45,57,53,-106,-947,-5167,-158,-16
226623,-37,1363,-27,20,2,-109,-939,-5155,-188,-17
226650,-32,1361,-16,22,-17,-70,-920,-5220,-175,-17
226678,1,1358,-22,46,13,-46,-923,-5201,-157,-16
226705,-49,1369,-52,48,40,-112,-942,-5150,-176,-15
226732,-5,1347,-47,-7,-70,-182,-897,-5221,-202,-16
226758,-77,1365,-12,-24,-75,-131,-879,-5206,-188,-15
226787,2,1360,-39,28,-14,-38,-881,-5191,-158,-16
226813,17,1355,-40,4,-25,-131,-868,-5180,-167,-16
226861,-51,1347,-20,9,104,-274,-825,-5227,-183,-16
226887,-54,1351,-24,23,119,-275,-816,-5172,-153,-16
226914,-92,1362,-37,50,70,-226,-751,-5199,-201,-16
226940,-83,1357,-35,47,35,-165,-737,-5240,-189,-16
226969,-61,1359,-45,22,9,-140,-736,-5235,-191,-16
226996,-89,1347,-31,0,10,-73,-720,-5178,-175,-16
227022,-68,1348,-34,6,6,-34,-733,-5213,-199,-16
227049,-37,1352,-28,17,-19,-70,-729,-5239,-192,-16
227078,-91,1355,-23,30,-15,-93,-741,-5176,-151,-16
227104,-131,1367,-46,43,11,51,-732,-5169,-198,-16
227151,-12,1356,-23,47,-41,149,-783,-5230,-204,-16
227178,-52,1343,-42,49,-11,58,-838,-5164,-187,-16
227205,-24,1353,-30,34,-26,60,-846,-5154,-199,-17
227231,-54,1356,-34,41,-33,82,-899,-5207,-156,-15
227260,5,1361,-37,36,-16,69,-919,-5179,-169,-16
227287,0,1360,-28,21,23,0,-929,-5134,-177,-16
227313,-21,1350,-40,27,39,16,-953,-5194,-210,-16
227340,2,1352,-35,56,86,45,-982,-5203,-182,-16
227368,-17,1358,-45,38,82,39,-1003,-5161,-174,-16
227395,10,1351,-48,-3,23,73,-1045,-5167,-201,-15
227440,17,1357,-32,17,70,38,-1073,-5198,-158,-16
227469,50,1349,-45,4,-9,-35,-1098,-5149,-167,-16
227495,26,1359,-45,-46,-87,-96,-1099,-5168,-178,-16
227522,76,1337,40,-111,-355,-108,-1064,-5211,-176,-16
227549,30,1357,-5,-110,-282,-204,-1049,-5203,-144,-16
227577,-4,1359,-11,-50,-69,-261,-969,-5172,-129,-16
227604,13,1351,-20,-23,-10,-230,-948,-5196,-146,-16
227631,88,1355,70,-6,-39,-175,-907,-5245,-138,-16
227659,-30,1352,-13,58,102,-239,-892,-5176,-110,-17
227686,-42,1353,-17,36,72,-138,-893,-5174,-130,-17
227731,13,1350,-41,31,45,-152,-852,-5246,-157,-15
227760,-37,1343,-7,-2,40,-258,-822,-5180,-126,-16
227786,-83,1360,-5,22,31,-243,-800,-5185,-129,-16
227813,-92,1360,-10,58,49,-87,-779,-5238,-157,-16
227840,-25,1352,-13,70,44,2,-800,-5204,-124,-16
227868,-19,1352,-43,68,83,-71,-820,-5175,-154,-16
227895,-59,1356,-16,26,7,-73,-794,-5181,-168,-16
227921,-60,1351,-17,52,8,15,-821,-5245,-154,-16
227948,-27,1358,-56,76,-241,30,-845,-5188,-140,-16
227977,-33,1355,-31,50,15,18,-862,-5179,-183,-16
228022,-17,1359,-21,36,27,-18,-876,-5206,-166,-18
228050,-14,1364,-30,12,6,-55,-880,-5169,-178,-15
228077,-14,1357,-47,5,-16,-49,-892,-5176,-223,-15
228104,-23,1344,-13,-3,-15,-63,-887,-5228,-186,-15
228130,-3,1357,-25,20,-3,-64,-886,-5218,-165,-15
228159,-1,1363,-42,41,-24,-110,-887,-5156,-174,-16
228186,-37,1363,-34,17,5,-142,-870,-5198,-196,-16
228212,-27,1356,-30,27,2,-110,-863,-5215,-183,-16
228239,-19,1355,-30,39,-13,-93,-872,-5166,-160,-16
228268,-31,1364,-27,38,-19,-89,-857,-5155,-186,-16
228313,-35,1350,-29,25,-22,-61,-847,-5212,-194,-16
228339,-38,1360,-38,32,-29,-32,-866,-5156,-168,-16
228368,-23,1345,-38,5,-36,-22,-870,-5164,-207,-16
228395,-4,1354,-31,-1,-1,-57,-872,-5218,-207,-16
228421,-26,1356,-31,17,47,-72,-864,-5186,-174,-15
228448,-16,1360,-32,30,61,-73,-886,-5153,-177,-15
228476,-24,1351,-37,38,50,-64,-872,-5176,-194,-15
228503,-10,1348,-51,20,21,-63,-887,-5203,-180,-17
228530,-22,1350,-19,13,26,-64,-878,-5185,-169,-16
228558,-27,1351,-27,43,51,-51,-887,-5156,-171,-17
228603,-38,1355,-28,6,25,-70,-884,-5212,-188,-16
228630,-18,1358,-32,8,33,-56,-898,-5173,-160,-17
228659,-11,1360,-13,41,34,-62,-899,-5165,-174,-15
228685,-3,1353,-46,32,39,-69,-891,-5235,-185,-15
228712,-11,1352,-26,10,43,-78,-915,-5215,-168,-15
228739,-17,1353,-21,47,44,-73,-920,-5178,-170,-15
228767,-8,1354,-61,50,36,-56,-921,-5184,-218,-17
228794,-24,1361,-27,13,4,-68,-918,-5228,-192,-17
228820,-15,1359,-31,34,2,-59,-931,-5162,-172,-15
228847,-22,1365,-41,36,17,-71,-933,-5160,-208,-15
228894,-10,1371,-37,38,57,-72,-921,-5223,-188,-15
228921,-15,1352,-33,25,34,-88,-941,-5145,-188,-17
228950,-25,1358,-36,26,18,-77,-919,-5180,-196,-17
228976,-15,1353,-28,36,9,-73,-920,-5191,-207,-17
229003,-17,1365,-34,41,8,-97,-926,-5180,-175,-17
229029,-26,1363,-39,21,24,-84,-920,-5150,-189,-17
229058,-13,1347,-45,24,20,-71,-913,-5166,-218,-17
229085,-8,1349,-48,5,22,-83,-910,-5218,-177,-16
229111,-17,1366,-22,-6,50,-83,-921,-5168,-178,-16
229138,5,1349,-43,32,31,-83,-920,-5157,-185,-16
229185,-27,1356,-43,4,21,-100,-918,-5215,-191,-16
229212,-19,1347,-23,23,23,-79,-924,-5168,-173,-16
229238,-12,1357,-40,23,22,-81,-909,-5163,-191,-16
229267,-13,1359,-36,35,3,-80,-897,-5215,-193,-16
229294,-20,1358,-28,34,11,-68,-908,-5208,-184,-16
229320,-12,1348,-36,34,9,-82,-909,-5157,-195,-16
229347,-29,1349,-26,17,13,-92,-904,-5196,-206,-16
229376,-20,1355,-38,46,45,-54,-919,-5212,-200,-16
229402,-7,1367,-41,31,17,-74,-916,-5195,-186,-16
229429,-28,1356,-37,6,26,-86,-913,-5151,-198,-16
229476,1,1356,-17,13,25,-47,-923,-5212,-196,-17
229502,-16,1360,-36,19,22,-82,-931,-5191,-172,-16
229529,-18,1362,-34,19,25,-70,-929,-5178,-189,-16
229558,-10,1356,-34,19,17,-75,-918,-5218,-208,-17
229584,-29,1373,-42,31,28,-79,-921,-5214,-191,-15
229611,-19,1348,-29,32,16,-69,-941,-5170,-179,-15
229638,-16,1357,-44,42,16,-78,-931,-5194,-192,-17
229666,-17,1353,-39,6,27,-77,-932,-5223,-183,-15
229693,-12,1360,-37,18,17,-73,-937,-5175,-166,-15
229720,-27,1349,-51,13,15,-90,-941,-5162,-189,-16
229767,-25,1352,-12,8,13,-64,-932,-5220,-185,-16
229793,1,1367,-52,40,18,-60,-929,-5157,-172,-16
229820,-29,1356,-24,10,8,-88,-934,-5174,-194,-16
229849,-15,1355,-31,16,17,-75,-922,-5227,-197,-16
229875,-39,1357,-27,24,27,-65,-939,-5209,-184,-15
229902,-7,1361,-33,33,-1,-63,-939,-5165,-181,-15
229928,-1,1357,-39,18,-3,-81,-934,-5223,-188,-15
229957,-22,1361,-40,47,10,-82,-938,-5231,-197,-16
229984,-26,1352,-45,9,32,-65,-949,-5201,-183,-16
230010,-12,1368,-34,2,4,-61,-935,-5181,-184,-15
230057,-26,1364,-34,-14,3,-71,-937,-5219,-175,-15
230084,-25,1357,-20,-3,14,-55,-933,-5200,-174,-15
230111,-10,1353,-37,8,21,-57,-944,-5177,-176,-16
230139,-14,1363,-30,3,23,-79,-937,-5221,-182,-16
230166,-15,1358,-6,-2,6,-86,-953,-5220,-163,-16
230193,-4,1358,-43,37,-3,-69,-956,-5168,-176,-16
230219,-11,1361,-38,35,7,-72,-943,-5196,-182,-16
230248,-6,1357,-33,29,5,-77,-952,-5224,-186,-16
230275,-23,1359,-28,30,6,-74,-946,-5179,-151,-16
230301,-13,1359,-40,7,27,-57,-965,-5173,-151,-16
230348,-12,1352,-38,13,15,-60,-939,-5229,-170,-16
230375,12,1364,-33,26,25,-65,-950,-5165,-146,-16
230402,-13,1353,-17,5,17,-80,-964,-5170,-151,-16
230430,-24,1365,-16,37,28,-60,-943,-5237,-149,-16
230457,-13,1359,-55,54,14,-60,-962,-5206,-147,-15
230483,-13,1368,-22,9,14,-77,-962,-5172,-154,-15
230510,-16,1369,-33,36,30,-86,-963,-5214,-176,-16
230539,-6,1354,-41,56,16,-90,-965,-5230,-189,-16
230565,-24,1356,-37,6,11,-82,-978,-5197,-148,-18
230592,-6,1352,-17,3,23,-70,-975,-5177,-165,-16
230639,-13,1350,-30,11,4,-95,-967,-5229,-166,-16
230666,-8,1350,-29,25,17,-83,-966,-5200,-151,-16
230692,-19,1362,-36,22,20,-91,-963,-5186,-185,-16
230719,-22,1356,-33,18,6,-85,-946,-5216,-195,-16
230748,-9,1366,-34,10,19,-73,-947,-5213,-169,-16
230774,-255,1371,-36,12,20,-82,-975,-5162,-147,-16
230801,-14,1363,-36,18,19,-86,-966,-5183,-182,-15
230830,-22,1354,-21,28,20,-70,-944,-5232,-190,-16
230856,-13,1353,-55,27,38,-61,-973,-5169,-161,-16
230883,-29,1350,-18,5,34,-72,-961,-5156,-150,-16
230930,-9,1360,-18,24,12,-76,-957,-5227,-172,-16
230957,-19,1356,-33,33,18,-74,-978,-5168,-152,-16
230983,-12,1362,-45,24,15,-56,-996,-5165,-170,-16
231010,-5,1355,-17,-3,14,-70,-968,-5193,-177,-16
231038,-1,1344,-27,51,40,-74,-996,-5189,-161,-16
231065,2,1349,-47,37,35,-82,-995,-5152,-156,-16
231092,-8,1360,-32,26,5,-75,-979,-5156,-168,-17
231118,-8,1350,-31,38,4,-73,-989,-5233,-164,-17
231147,-5,1351,-42,29,-4,-71,-967,-5192,-153,-15
231174,-9,1354,-37,24,23,-75,-967,-5172,-172,-16
231221,-15,1364,-35,34,22,-76,-971,-5222,-173,-15
231247,-11,1368,-39,29,26,-68,-976,-5179,-162,-15
231274,-19,1358,-32,20,21,-69,-990,-5164,-197,-15
231301,-11,1361,-32,17,20,-60,-976,-5209,-189,-15
231329,-3,1367,-38,19,40,-64,-984,-5202,-175,-15
231356,-2,1361,-28,3,3,-68,-1007,-5155,-163,-15
231383,-9,1356,-21,10,-12,-79,-989,-5184,-189,-15
231409,-19,1358,-31,19,17,-86,-995,-5210,-182,-15
231438,-12,1358,-34,17,6,-80,-994,-5172,-162,-15
231464,-11,1360,-35,24,7,-96,-998,-5154,-179,-15
231512,-13,1368,-32,11,41,-89,-984,-5219,-185,-17
231538,-9,1355,-34,13,1,-92,-968,-5153,-138,-16
231565,-32,1361,-21,24,25,-92,-984,-5170,-168,-16
231591,-3,1359,-29,26,24,-75,-966,-5198,-182,-16
231620,-8,1355,-25,21,25,-87,-975,-5183,-154,-17
231647,-18,1366,-27,42,21,-80,-987,-5149,-164,-16
231673,-26,1348,-24,42,29,-62,-984,-5152,-180,-15
231700,-17,1348,-50,4,10,-79,-981,-5217,-187,-15
231729,-21,1361,-31,-4,8,-73,-983,-5165,-167,-17
231755,-9,1354,-29,16,20,-63,-992,-5149,-174,-16
231800,-13,1346,-32,25,14,-74,-981,-5208,-179,-16
231829,-9,1360,-36,42,13,-67,-988,-5175,-150,-16
231856,-10,1352,-52,10,7,-85,-995,-5148,-168,-16
231882,-30,1363,-20,2,-11,-82,-964,-5219,-189,-16
231909,0,1355,-25,38,3,-65,-977,-5207,-163,-16
231938,-2,1353,-43,21,-7,-93,-981,-5165,-107,-16
231964,-18,1360,-27,16,-1,-84,-977,-5194,-182,-16
231991,2,1345,-42,14,13,-58,-971,-5224,-185,-16
232019,-7,1352,-32,14,2,-81,-989,-5172,-149,-16
232046,-18,1360,-25,35,9,-79,-975,-5156,-171,-16
232091,-18,1358,-29,23,19,-76,-968,-5197,-203,-15
232120,-16,1350,-28,27,34,-42,-982,-5156,-158,-16
232146,3,1352,-36,32,23,-65,-980,-5141,-183,-15
232173,-15,1360,-48,24,17,-65,-982,-5185,-206,-15
232200,-8,1359,-21,20,27,-59,-997,-5175,-173,-15
232228,-13,1347,-37,26,32,-85,-989,-5136,-161,-16
232255,-30,1356,-23,16,10,-74,-975,-5147,-188,-17
232282,-10,1362,-30,44,16,-76,-987,-5207,-189,-15
232308,5,1354,-30,60,-3,-79,-991,-5157,-175,-15
232337,-5,1346,-36,53,5,-89,-987,-5136,-196,-15
232382,-19,1357,-32,15,13,-89,-986,-5208,-185,-15
232411,8,1352,-15,41,8,-78,-984,-5148,-191,-17
232437,-12,1361,-37,57,23,-76,-989,-5135,-187,-16
232464,-3,1359,-78,20,28,-51,-985,-5192,-231,-16
232491,0,1357,-36,-22,22,-79,-987,-5185,-200,-16
232519,6,1363,-33,8,11,-88,-988,-5156,-190,-15
232546,-35,1355,-25,33,42,-80,-977,-5171,-220,-16
232572,-20,1373,-29,54,43,-53,-982,-5205,-206,-16
232599,-3,1349,-39,54,31,-71,-998,-5168,-202,-16
232628,-15,1355,-42,44,-4,-97,-994,-5138,-222,-16
232673,-15,1358,-50,70,17,-97,-987,-5187,-225,-16
232701,-28,1350,-39,51,6,-90,-981,-5151,-225,-16
232728,-8,1360,-51,54,-9,-78,-976,-5115,-243,-16
232755,-16,1358,-54,26,-8,-90,-971,-5166,-245,-16
232781,-19,1364,-44,6,-18,-61,-971,-5142,-217,-16
232810,-18,1358,-29,16,-9,-60,-970,-5116,-230,-16
232837,-1,1352,-54,42,4,-76,-971,-5134,-230,-17
232863,-10,1347,-46,3,0,-100,-967,-5159,-238,-17
232890,-34,1354,-42,22,38,-86,-964,-5147,-228,-15
232919,0,1360,-61,35,40,-68,-972,-5116,-225,-16
232964,-19,1356,-35,-12,21,-58,-968,-5191,-219,-14
232990,-6,1354,-44,4,35,-65,-973,-5150,-220,-15
233019,-2,1351,-39,30,4,-69,-989,-5138,-224,-15
233046,4,1356,-46,30,12,-55,-977,-5194,-240,-15
233072,-21,1357,-40,35,-4,-73,-967,-5188,-216,-15
233099,-10,1352,-49,45,10,-79,-982,-5122,-213,-16
233127,-8,1356,-38,33,8,-91,-970,-5156,-239,-16
233154,-13,1350,-31,42,2,-97,-973,-5184,-231,-15
233181,-2,1355,-49,52,-2,-98,-967,-5161,-240,-16
233207,-26,1353,-43,35,2,-81,-970,-5117,-252,-16
233254,-10,1352,-59,27,22,-72,-973,-5179,-246,-16
233281,-16,1354,-55,-11,4,-99,-972,-5161,-219,-16
233310,-23,1355,-14,-29,7,-100,-963,-5133,-218,-16
233336,-31,1363,-30,4,18,-66,-957,-5186,-245,-16
233363,-7,1354,-54,0,24,-55,-954,-5189,-236,-16
233390,1,1357,-33,-28,20,-86,-972,-5138,-211,-16
233418,-48,1360,-23,6,4,-82,-981,-5156,-217,-16
233445,-18,1346,-38,28,-5,-78,-963,-5186,-232,-16
233472,-19,1351,-41,34,-14,-81,-969,-5143,-199,-16
233498,-14,1359,-42,32,9,-69,-968,-5119,-210,-15
233545,-7,1362,-40,41,8,-66,-963,-5185,-233,-16
233572,-11,1348,-53,36,13,-79,-976,-5136,-215,-16
233601,-20,1363,-52,26,9,-59,-974,-5128,-221,-16
233627,-4,1353,-42,33,-3,-48,-980,-5191,-210,-16
233654,-9,1357,-41,28,-9,-80,-989,-5160,-227,-16
233680,-19,1364,-44,46,6,-73,-994,-5135,-209,-16
233709,-12,1360,-52,42,11,-76,-975,-5171,-252,-16
233736,-12,1353,-43,24,1,-87,-970,-5172,-243,-16
233762,-6,1362,-48,31,-3,-72,-973,-5157,-226,-16
233789,-5,1359,-34,-47,50,-87,-989,-5139,-238,-16
233836,-12,1358,-29,18,2,-86,-972,-5184,-217,-16
233863,-15,1348,-28,34,17,-77,-976,-5157,-212,-16
233891,-11,1354,-44,37,4,-70,-975,-5143,-236,-15
233918,0,1356,-48,29,5,-81,-965,-5181,-237,-15
233945,-16,1364,-40,-7,-1,-76,-966,-5179,-235,-16
233971,-13,1361,-42,32,31,-55,-987,-5110,-219,-16
234000,-9,1353,-48,36,31,-72,-985,-5150,-239,-16
234027,-13,1364,-46,8,30,-91,-974,-5183,-241,-17
234053,-15,1359,-45,-4,41,-68,-999,-5143,-206,-15
234080,-6,1349,-31,-10,56,-34,-1005,-5131,-209,-15
234127,5,1355,-28,20,-31,-78,-1012,-5193,-221,-15
234153,-25,1362,-39,33,23,-97,-989,-5136,-197,-16
234180,-14,1358,-32,65,25,-81,-1012,-5135,-218,-16
234209,4,1356,-45,35,-1,-81,-990,-5152,-236,-17
234235,-9,1358,-36,34,2,-84,-996,-5163,-215,-16
234262,-20,1356,-24,30,2,-64,-994,-5122,-198,-16
234289,3,1347,-33,36,-6,-68,-992,-5151,-225,-16
234317,-8,1358,-39,42,0,-78,-986,-5181,-223,-16
234344,-15,1351,-42,43,-7,-90,-986,-5157,-203,-16
234371,-29,1351,-46,34,7,-67,-1004,-5140,-304,-16
234418,5,1344,-51,33,2,-55,-994,-5183,-228,-16
234444,-251,1360,-42,6,4,-88,-995,-5151,-237,-16
234471,-11,1358,-48,20,-2,-81,-988,-5119,-224,-16
234500,-9,1354,-58,31,11,-54,-1000,-5176,-242,-16
234526,0,1350,-59,31,18,-70,-995,-5188,-235,-16
234553,-13,1355,-43,-5,-2,-77,-1005,-5120,-226,-16
234579,4,1358,-30,13,13,-69,-1008,-5142,-229,-16
234608,-5,1360,-39,21,19,-65,-998,-5179,-231,-16
234635,6,1350,-54,10,24,-92,-1005,-5148,-218,-16
234661,-12,1363,-45,-4,22,-82,-997,-5120,-224,-17
234708,5,1351,-30,37,19,-80,-998,-5191,-245,-15
234735,-6,1354,-48,26,6,-85,-1004,-5118,-209,-17
234762,8,1354,-58,17,5,-66,-1009,-5126,-232,-16
234790,-10,1353,-34,44,28,-92,-996,-5168,-224,-16
234817,-16,1357,-41,22,5,-75,-996,-5155,-222,-17
234844,13,1368,-42,5,7,-67,-1003,-5122,-216,-16
234870,-10,1363,-53,-7,12,-72,-1008,-5118,-228,-17
234899,8,1354,-34,-15,18,-63,-1011,-5187,-218,-15
234926,7,1352,-33,19,33,-79,-1006,-5153,-195,-15
234952,1,1358,-53,48,32,-85,-1017,-5124,-212,-16
234999,0,1360,-32,49,36,-54,-999,-5175,-220,-15
235026,7,1361,-42,59,47,-54,-1015,-5138,-216,-15
235053,-13,1358,-55,43,44,-95,-1011,-5118,-225,-15
235079,-8,1358,-31,37,40,-81,-1022,-5174,-241,-16
235108,12,1355,-59,54,17,-74,-1028,-5173,-226,-15
235134,-1,1361,-49,19,-16,-92,-1018,-5127,-221,-15
235161,1,1364,-52,-6,-3,-76,-1006,-5137,-250,-15
235188,-17,1359,-40,-1,17,-66,-1003,-5175,-254,-16
235216,11,1348,-51,38,18,-78,-1015,-5133,-218,-15
235243,-12,1357,-55,14,17,-86,-1027,-5117,-233,-15
235290,-5,1359,-53,12,22,-78,-1020,-5194,-238,-15
235317,-12,1354,-55,9,7,-71,-1026,-5113,-208,-15
235343,-1,1356,-41,20,-2,-77,-1014,-5128,-227,-15
235370,-2,1357,-41,19,20,-69,-1010,-5154,-243,-15
235399,0,1359,-49,20,7,-65,-1032,-5152,-224,-15
235425,-8,1360,-55,3,12,-84,-1027,-5110,-211,-17
235452,-17,1360,-31,0,7,-80,-1030,-5147,-236,-17
235479,7,1357,-41,43,10,-75,-1024,-5177,-230,-16
235507,-5,1354,-49,42,10,-111,-1009,-5150,-205,-16
235534,-32,1360,-28,20,18,-75,-1012,-5123,-209,-16
235581,19,1366,-43,30,3,-78,-1011,-5170,-243,-16
235608,-26,1347,-36,11,-13,-104,-1007,-5143,-199,-16
235634,-18,1351,-38,28,2,-81,-1015,-5122,-207,-16
235661,0,1360,-55,19,-24,-62,-1009,-5167,-249,-16
235689,-11,1364,-33,2,-29,-83,-1002,-5183,-225,-16
235716,9,1357,-55,14,-16,-53,-1008,-5126,-188,-16
235743,0,1355,-44,43,-41,-47,-1009,-5142,-232,-16
235769,25,1362,-58,1,-17,-105,-1002,-5190,-221,-16
235798,-18,1349,-45,-61,4,-141,-1013,-5182,-207,-16
235825,-25,1367,-33,5,31,-128,-981,-5143,-194,-16
235870,-20,1356,-22,-11,21,-102,-970,-5198,-199,-16
235898,-35,1364,-28,25,-15,-63,-970,-5183,-190,-16
235925,-7,1358,-77,-19,-11,-47,-980,-5170,-185,-16
235952,-14,1362,-44,-104,14,-38,-980,-5215,-196,-16
235978,23,1350,-5,-92,40,-51,-991,-5245,-163,-16
236007,-14,1352,-8,-51,86,-87,-1010,-5183,-120,-17
236034,0,1350,-21,9,102,-62,-1007,-5203,-142,-17
236060,26,1363,-26,4,80,-76,-1014,-5250,-126,-15
236087,-55,1357,-32,-19,50,-105,-1020,-5221,-104,-15
236115,-32,1369,-16,-37,35,61,-1030,-5195,-102,-15
236161,1,1350,-7,-95,39,136,-1117,-5256,-72,-15
236189,35,1356,34,-32,51,54,-1153,-5222,-26,-16
236216,71,1342,23,59,39,-45,-1157,-5200,-44,-16
236242,24,1340,39,238,10,-197,-1124,-5257,-129,-15
236269,-14,1367,-38,298,35,-209,-1100,-5241,-142,-15
236298,-34,1367,-79,198,17,-130,-1089,-5174,-153,-15
236324,-24,1350,-81,97,1,-25,-1084,-5182,-197,-15
236351,11,1358,-8,4,-62,5,-1088,-5191,-210,-15
236378,58,1342,-29,67,-22,-10,-1092,-5202,-194,-15
236406,15,1357,-64,111,-14,-111,-1096,-5132,-202,-14
236451,-14,1361,-52,138,22,-101,-1072,-5187,-252,-14
236478,6,1353,-102,103,28,-57,-1066,-5157,-247,-14
236507,12,1361,-69,10,-6,-53,-1075,-5120,-250,-15
236533,20,1353,-46,-34,-9,-65,-1084,-5167,-264,-15
236560,13,1358,-36,-7,-9,-79,-1075,-5180,-248,-15
236589,23,1352,-38,47,0,-77,-1079,-5106,-224,-15
236615,29,1359,-54,63,30,-105,-1082,-5129,-245,-16
236642,9,1344,-74,22,27,-116,-1066,-5172,-278,-14
236668,-5,1359,-47,-3,-4,-95,-1064,-5144,-242,-16
236697,4,1349,-47,0,5,-63,-1061,-5110,-247,-16
236742,-2,1355,-47,-12,6,-81,-1052,-5188,-255,-16
236769,8,1363,-45,25,1,-68,-1063,-5134,-219,-16
236797,21,1356,-42,13,11,-49,-1070,-5104,-238,-16
236824,27,1357,-50,2,15,-82,-1072,-5152,-211,-16
236851,-16,1366,-32,-10,4,-101,-1057,-5172,-234,-16
236877,-4,1364,-54,21,-13,-61,-1069,-5124,-230,-16
236906,10,1348,-53,7,-2,-46,-1056,-5150,-239,-16
236933,-8,1361,-56,47,12,-43,-1057,-5183,-245,-17
236959,20,1357,-49,5,6,-57,-1070,-5169,-220,-17
236986,17,1353,-61,-1,40,-70,-1088,-5121,-222,-15
237033,8,1341,-24,49,39,-102,-1068,-5181,-218,-16
237060,1,1342,-63,77,31,-90,-1076,-5177,-208,-16
237088,-9,1355,-59,20,-1,-93,-1068,-5143,-238,-16
237115,25,1356,-62,-2,46,-100,-1050,-5176,-257,-16
237142,5,1352,-45,6,7,-106,-1063,-5179,-232,-16
237168,-1,1354,-43,8,-10,-74,-1065,-5138,-232,-15
237197,-17,1366,-54,32,104,-90,-1056,-5147,-224,-16
237223,-4,1359,-35,17,43,-81,-1061,-5174,-248,-16
237250,1,1356,-63,26,-4,-105,-1053,-5140,-231,-16
237277,-35,1364,-46,14,-48,-89,-1074,-5129,-234,-16
237324,31,1350,-78,85,104,-9,-1073,-5183,-252,-16
237350,101,1352,-79,44,133,-76,-1093,-5139,-219,-17
237379,14,1370,-74,-101,228,-118,-1072,-5134,-225,-15
237406,69,1499,-2,-137,141,-11,-1107,-5178,-225,-15
237432,137,1369,94,-810,404,537,-1238,-5251,-57,-15
237459,189,1451,-3,-426,457,331,-1341,-5234,20,-15
237488,26,1626,-108,-578,529,465,-1419,-5264,62,-15
237514,232,1575,131,-383,139,643,-1671,-5376,168,-15
237541,266,1501,-14,16,96,637,-1800,-5358,148,-15
237568,297,1264,286,422,-264,-144,-1845,-5327,39,-14
237615,229,1533,271,58,189,-530,-1757,-5401,-95,-15
237641,296,1506,411,125,-133,-626,-1675,-5421,-97,-16
237668,207,996,382,297,-446,-610,-1585,-5431,-276,-15
237697,187,1567,253,-100,162,-1106,-1406,-5520,-258,-15
237723,187,1464,184,184,-196,-980,-1285,-5561,-266,-15
237750,341,1065,140,555,-364,-309,-1106,-5516,-397,-15
237778,404,748,-33,456,-329,-27,-1129,-5537,-475,-15
237805,251,947,-4,179,-716,-242,-1086,-5580,-507,-15
237832,-90,1063,-22,167,-862,-454,-888,-5539,-505,-16
237858,-257,1179,-71,42,-574,-85,-819,-5522,-493,-16
237905,-271,1060,-68,10,-667,43,-726,-5570,-475,-16
237932,-546,1159,-55,-110,-382,153,-690,-5502,-403,-16
237959,-663,1163,-7,-14,-357,239,-689,-5483,-400,-16
237987,-454,806,18,95,-74,471,-703,-5514,-396,-16
238014,-233,535,-49,-110,25,376,-779,-5502,-324,-16
238041,-173,840,-53,-833,123,-168,-787,-5484,-189,-16
238069,-191,1388,5,-1199,354,-325,-714,-5531,-14,-16
238096,-44,1593,-4,-1560,313,-394,-540,-5707,465,-16
238123,53,1583,57,-1488,-86,-240,-457,-5724,704,-16
238149,26,1377,319,-1272,-908,98,-388,-5719,913,-15
238196,-44,1754,392,-1144,-836,337,-274,-5952,1459,-15
238223,83,1830,390,-775,-1080,-124,-219,-5981,1591,-15
238249,132,1755,254,-601,-1056,-82,-158,-5965,1675,-17
238278,-106,1479,293,-245,-1113,-26,-104,-6107,1788,-17
238305,-206,1322,373,-128,-910,-98,-86,-6117,1805,-17
238331,31,1467,237,-267,-388,-125,-75,-6123,1833,-16
238360,98,1613,154,-556,-291,-228,1,-6135,1957,-16
238387,-37,1467,287,-227,-656,-371,56,-6169,2041,-16
238413,-24,1349,314,3,-644,-198,78,-6111,2107,-16
238440,99,1262,390,141,-574,54,45,-6084,2052,-16
238487,81,1269,480,117,-679,-100,-1,-6147,2066,-16
238514,199,1193,488,290,-870,-112,-30,-6071,2001,-16
238540,160,1101,561,373,-746,68,-64,-6058,1983,-16
238569,100,1088,591,426,-528,286,-107,-6123,1952,-16
238596,116,1171,522,402,-347,316,-234,-6115,1876,-16
238622,203,1316,416,184,-38,193,-274,-6072,1855,-16
238649,268,1301,371,54,-146,173,-290,-6092,1863,-16
238678,292,1270,374,110,-87,215,-324,-6152,1888,-16
238704,230,1222,352,165,41,151,-362,-6108,1885,-16
238731,256,1187,349,105,188,134,-388,-6093,1888,-16
238778,325,1242,350,1,145,-53,-348,-6179,1919,-15
238804,334,1300,325,-54,66,-47,-339,-6155,1953,-16
238831,349,1295,322,-117,186,5,-320,-6141,1953,-16
238860,320,1332,268,-171,190,87,-323,-6226,1984,-17
238886,263,1368,284,-195,69,62,-360,-6267,2028,-16
238913,229,1370,293,-213,35,60,-368,-6222,2058,-14
238940,237,1329,333,-128,-58,64,-440,-6260,2081,-16
238968,254,1318,349,-59,-106,4,-447,-6289,2088,-16
238995,299,1265,385,50,-7,38,-480,-6274,2097,-16
239022,296,1189,387,94,95,165,-553,-6206,2044,-16
239069,243,1187,395,225,68,152,-661,-6276,1991,-15
239095,224,1254,381,240,134,75,-704,-6256,1953,-16
239122,304,1257,338,183,162,72,-753,-6205,1875,-15
239151,340,1210,372,142,120,56,-769,-6252,1852,-16
239177,314,1172,401,115,56,55,-811,-6260,1840,-15
239204,293,1208,364,49,84,35,-848,-6216,1804,-15
239230,256,1270,345,-37,96,-62,-844,-6231,1812,-15
239259,290,1295,325,-21,12,-97,-840,-6306,1841,-17
239286,336,1275,338,-57,-20,-102,-844,-6253,1860,-17
239312,325,1260,343,-100,-26,-98,-838,-6236,1862,-17
239360,366,1240,355,-103,-134,-126,-829,-6320,1928,-17
239386,353,1249,362,-85,-178,-119,-830,-6284,1944,-17
239413,340,1208,414,-16,-273,-133,-810,-6271,1926,-15
239441,330,1204,394,-22,-238,-90,-825,-6332,1941,-15
239468,312,1245,387,-50,-137,-43,-830,-6331,1959,-15
239495,357,1271,387,-28,-86,-14,-854,-6294,1947,-17
239521,321,1264,412,52,-102,19,-879,-6312,1921,-17
239550,299,1256,390,67,-50,55,-891,-6374,1916,-15
239577,313,1266,390,99,16,48,-907,-6356,1907,-15
239603,360,1226,367,117,121,72,-957,-6293,1865,-15
239650,383,1265,336,69,151,47,-1012,-6379,1864,-16
239677,394,1264,341,83,82,31,-1031,-6346,1851,-15
239704,375,1250,375,76,67,15,-1055,-6286,1812,-15
239732,357,1255,355,47,42,-54,-1071,-6333,1798,-15
239759,337,1271,354,3,41,-76,-1079,-6374,1805,-15
239785,304,1242,374,-5,37,-64,-1086,-6305,1822,-16
239812,329,1228,366,-29,22,-80,-1067,-6297,1815,-16
239841,330,1205,342,-79,8,-96,-1061,-6341,1829,-16
239867,347,1202,356,-73,-10,-83,-1076,-6308,1878,-16
239894,339,1206,391,-52,-22,-65,-1073,-6288,1873,-16
239941,375,1237,385,-79,0,-68,-1079,-6341,1914,-16
239968,391,1246,382,-24,-6,-73,-1077,-6316,1937,-16
239994,396,1185,412,27,-25,-50,-1076,-6293,1933,-16
240023,393,1159,441,63,59,28,-1115,-6369,1975,-16
240050,374,1170,408,52,109,56,-1145,-6349,1927,-16
240076,369,1233,369,55,99,53,-1162,-6325,1916,-15
240103,361,1245,378,77,70,44,-1181,-6349,1876,-16
240132,354,1265,362,53,111,67,-1217,-6403,1892,-16
240158,369,1304,344,28,102,53,-1240,-6370,1903,-16
240185,407,1321,328,38,40,-68,-1256,-6344,1884,-16
240232,435,1240,369,89,16,-87,-1247,-6399,1880,-16
240259,394,1193,383,72,61,-45,-1253,-6358,1874,-16
240285,383,1173,375,47,45,-54,-1233,-6331,1846,-16
240312,369,1160,380,37,7,-73,-1247,-6372,1836,-16
240340,362,1192,383,-17,3,-49,-1267,-6375,1840,-16
240367,370,1235,395,-55,13,-22,-1283,-6320,1855,-16
240394,390,1220,385,-81,27,-32,-1273,-6326,1857,-16
240422,409,1203,402,-69,-12,-68,-1288,-6375,1887,-17
240449,405,1225,382,-49,-29,-83,-1295,-6323,1931,-17
240476,394,1233,391,-19,-45,-115,-1278,-6314,1908,-14
