295950,-1006,565,569,-110,-5,-86,2593,-4672,5119,-12
295976,-1024,610,626,-162,-19,-66,2572,-4594,5101,-12
296005,-1015,629,663,-145,-78,-18,2529,-4590,5171,-13
296032,-922,675,735,-190,-151,29,2510,-4602,5193,-13
296058,-824,715,754,-170,-135,-3,2495,-4597,5284,-12
296087,-681,718,700,-153,-220,-72,2446,-4548,5310,-12
296114,-621,675,556,-183,-262,-156,2393,-4532,5343,-12
296140,-713,705,648,-306,-291,-383,2479,-4473,5437,-13
296167,-1037,674,776,-347,-195,-451,2486,-4400,5493,-13
296196,-960,651,629,-212,-318,-353,2482,-4330,5529,-13
296241,-1136,633,783,-304,-23,-596,2650,-4198,5642,-13
296267,-1214,679,811,-171,177,-572,2723,-4112,5651,-13
296296,-1248,567,670,-139,305,-646,2781,-4058,5621,-13
296323,-1253,446,597,-141,365,-578,3023,-3961,5629,-13
296349,-816,372,444,-167,433,-662,3157,-3908,5615,-13
296376,-823,267,607,-372,739,-997,3281,-3804,5560,-13
296404,-924,237,656,-393,802,-1102,3647,-3550,5492,-13
296431,-938,247,683,-450,571,-880,3839,-3462,5501,-13
296458,-1171,256,903,-478,657,-884,4002,-3335,5448,-12
296486,-1385,180,693,-236,778,-847,4255,-3074,5319,-13
296531,-1206,73,617,-135,538,-574,4529,-2962,5218,-13
296558,-1224,62,628,-218,677,-638,4636,-2858,5149,-13
296587,-1152,-28,460,-105,441,-546,4770,-2706,5025,-13
296613,-1120,11,597,-288,713,-680,4893,-2638,4967,-13
296640,-1323,-98,618,-156,784,-762,5077,-2533,4641,-12
296667,-1354,-142,422,-94,629,-615,5236,-2324,4697,-12
296695,-1204,-80,438,-174,328,-397,5281,-2275,4652,-12
296722,-1163,3,292,-247,388,-434,5447,-2133,4621,-12
296749,-1502,-144,732,-238,517,-904,5542,-1972,4539,-12
296777,-1346,-154,160,98,229,-601,5570,-1885,4483,-13
296822,-1389,-147,422,-551,102,-212,5738,-1701,4466,-12
296849,-1525,-203,338,-154,-33,-398,5732,-1629,4458,-12
296878,-1818,-288,540,-646,533,-342,5716,-1543,4462,-14
296904,-1739,-151,1235,1230,-602,503,5729,-1694,4469,-12
296931,-1154,-141,110,163,-298,329,5667,-1767,4509,-11
296957,-1117,-34,228,257,-276,-9,5588,-1805,4552,-13
296986,-1249,-51,438,105,-148,-186,5559,-1811,4565,-13
297013,-1320,-51,452,-14,-156,-168,5582,-1779,4610,-13
297039,-1326,-30,505,-4,-30,-213,5601,-1761,4622,-14
297066,-1366,-41,458,53,-22,-190,5550,-1734,4622,-12
297113,-1277,-169,416,-31,109,-139,5638,-1730,4610,-13
297140,-1081,-142,328,126,84,-192,5653,-1695,4602,-14
297168,-1898,-362,587,62,120,-439,5637,-1643,4547,-13
297195,-1482,-223,566,189,224,-278,5682,-1648,4548,-14
297222,-1421,-209,451,307,95,-408,5751,-1611,4500,-13
297248,-1279,-192,564,263,-3,-87,5706,-1592,4483,-13
297277,-1161,-92,427,377,118,-1,5697,-1619,4440,-12
297304,-1220,-147,406,179,97,-245,5734,-1647,4427,-13
297330,-1237,-163,370,-96,190,-473,5797,-1529,4390,-13
297357,-1301,-214,483,-190,192,-519,5802,-1453,4356,-13
297404,-1235,-159,424,-14,29,-65,5860,-1391,4342,-13
297431,-1237,-130,495,74,-144,-129,5853,-1362,4373,-13
297459,-1186,-226,393,142,-37,-537,5790,-1331,4395,-13
297486,-1520,-207,449,45,79,-665,5892,-1192,4341,-13
297512,-1352,-272,532,64,-17,-251,5903,-1165,4380,-14
297539,-1288,-218,445,226,-10,-189,5881,-1133,4360,-13
297568,-1404,-228,517,36,45,-104,5850,-1164,4351,-13
297594,-1359,-241,504,28,68,7,5890,-1162,4360,-13
297621,-1398,-272,461,212,86,-86,5898,-1143,4337,-13
297648,-1462,-237,493,398,174,-85,5844,-1207,4281,-13
297695,-1358,-239,446,55,408,-628,5990,-1136,4188,-13
297721,-1433,-272,449,-157,491,-773,6054,-1013,4123,-13
297748,-1484,-386,436,-97,340,-523,6098,-891,4035,-13
297777,-1484,-426,428,112,452,-77,6188,-885,3981,-12
297803,-1280,-282,332,154,566,75,6280,-888,3889,-12
297830,-1356,-345,299,163,399,-52,6280,-911,3764,-12
297859,-1297,-292,301,266,306,365,6286,-1012,3711,-12
297885,-1134,-256,178,300,456,69,6313,-1076,3667,-12
297912,-1344,-284,213,271,342,-111,6391,-1114,3544,-12
297938,-1314,-282,238,256,241,180,6333,-1155,3519,-12
297986,-1162,-194,242,229,86,320,6364,-1320,3437,-13
298012,-1161,-186,247,181,157,330,6307,-1423,3413,-13
298039,-1207,-112,208,90,204,178,6259,-1478,3382,-12
298067,-1324,-192,254,90,117,222,6261,-1530,3373,-12
298094,-1091,-119,254,262,-18,115,6291,-1612,3360,-12
298121,-1168,-168,282,519,-44,-139,6237,-1602,3344,-13
298147,-1055,-55,288,583,-249,31,6208,-1622,3344,-13
298176,-1184,39,247,157,-403,127,6195,-1727,3409,-13
298203,-1248,-30,345,-138,-744,420,6133,-1753,3503,-13
298229,-1276,-22,374,-245,-633,528,5910,-1888,3709,-12
298276,-1256,-35,449,-218,-750,234,5831,-1959,3935,-12
298303,-1293,-56,464,-156,-455,150,5777,-1940,4020,-12
298330,-1291,-57,442,-87,-387,219,5618,-2003,4162,-13
298358,-1406,-48,430,46,-309,335,5603,-2044,4173,-13
298385,-1265,19,455,89,-360,506,5574,-2089,4210,-13
298412,-1301,-12,449,-132,182,36,5461,-2104,4202,-14
298438,-1352,-18,442,-201,519,-97,5494,-2076,4159,-13
298467,-1319,-91,445,-122,413,51,5551,-2088,4122,-13
298493,-1351,-80,407,36,397,138,5556,-2072,4014,-13
298520,-1323,-10,368,-13,587,368,5514,-2122,3945,-14
298567,-1416,40,274,-238,998,220,5586,-2195,3741,-13
298594,-1439,-2,329,-165,410,166,5580,-2193,3638,-13
298620,-1488,2,249,-63,63,126,5521,-2215,3636,-13
298649,-1280,60,304,98,-863,250,5482,-2278,3693,-13
298676,-1322,64,377,22,-772,226,5397,-2353,3890,-14
298702,-1388,108,353,143,-292,133,5312,-2360,3940,-12
298729,-1403,117,367,391,114,-21,5273,-2389,3907,-12
298758,-1268,96,416,248,99,-123,5340,-2435,3841,-13
298784,-1311,101,382,-168,285,-59,5339,-2404,3816,-13
298811,-1306,58,315,-178,-155,119,5316,-2384,3813,-13
298858,-1302,108,376,337,-608,-60,5257,-2475,3967,-13
298885,-1226,91,455,151,-430,-111,5205,-2471,4005,-13
298911,-1304,11,500,186,-827,-64,5140,-2459,4032,-13
298940,-1309,117,422,196,-280,-57,5098,-2509,4149,-13
298967,-1307,89,405,145,420,123,5150,-2529,4084,-13
298993,-1460,400,460,80,416,375,5120,-2543,4022,-12
299020,-1348,137,426,-250,322,108,5098,-2564,3964,-14
299048,-1308,95,449,-231,192,147,5150,-2580,3934,-14
299075,-1210,154,407,-349,733,163,5169,-2583,3867,-13
299102,-1282,183,346,-311,505,244,5114,-2587,3823,-13
299149,-1326,170,321,127,466,-240,5253,-2589,3686,-13
299175,-1324,161,287,144,196,-167,5288,-2540,3618,-13
299202,-1337,124,305,143,166,-172,5242,-2516,3578,-13
299229,-1320,139,258,60,218,-269,5299,-2545,3546,-13
299257,-1335,139,306,84,-151,-92,5363,-2507,3543,-13
299284,-1360,94,296,13,145,-76,5316,-2492,3532,-13
299311,-1343,123,229,106,340,-39,5315,-2501,3499,-13
299337,-1341,104,339,-29,623,-6,5409,-2536,3372,-12
299366,-1310,128,218,-43,406,-40,5418,-2508,3328,-14
299393,-1337,168,158,-106,681,-92,5406,-2484,3274,-14
299440,-1409,182,106,-546,725,-202,5551,-2451,3077,-13
299466,-1355,37,-44,-34,-534,-670,5559,-2372,3129,-13
299493,-1476,23,190,124,-84,-1026,5592,-2231,3122,-13
299520,-1536,-9,189,213,104,-639,5725,-2103,3088,-12
299548,-1334,59,574,592,354,-151,5778,-2095,3016,-13
299575,-1326,34,-714,914,307,-268,5781,-2088,2941,-13
299601,-1314,43,359,-596,402,-369,5812,-1999,2867,-13
299628,-1503,-70,188,-274,686,-419,5895,-1954,2793,-13
299657,-1478,-43,195,-31,202,-127,5938,-1923,2739,-13
299683,-1316,19,-52,48,94,-65,5868,-1893,2710,-14
299730,-1522,-43,33,-224,-337,34,5922,-1928,2754,-13
299757,-1355,-3,184,-292,-284,252,5892,-1930,2821,-13
299784,-1289,9,256,-73,-215,145,5767,-2002,2893,-13
299810,-1356,24,131,81,-206,73,5782,-2046,2939,-12
299839,-1419,24,60,108,-314,38,5814,-2044,3013,-12
299866,-1088,105,650,18,-169,67,5740,-2081,3053,-12
299892,-1570,-69,147,40,-318,-134,5683,-2087,3082,-12
299919,-488,136,29,-321,53,-387,5767,-2071,3154,-12
299948,-1482,21,25,-230,-41,-539,5780,-1983,3159,-12
299974,-1467,-14,539,-484,-38,-321,5741,-1930,3212,-12
300019,-1253,36,12,592,284,180,5816,-1988,3104,-12
300048,-1217,17,9,-122,255,-248,5808,-1965,3061,-12
300075,-1317,-6,96,-403,256,-504,5795,-1924,3040,-12
300101,-1408,-42,416,-328,345,-671,5923,-1770,2982,-12
300128,-1494,-95,130,-28,434,-427,5991,-1691,2943,-12
300156,-1358,-53,-7,-106,522,-152,5988,-1648,2877,-14
300183,-1517,-79,7,-153,205,-156,5969,-1643,2814,-13
300210,-1365,-82,-25,-418,242,-84,6011,-1635,2873,-13
300238,-1422,-135,298,-374,688,-74,6026,-1615,2873,-12
300265,-1386,-42,98,-19,443,-126,6002,-1582,2748,-13
300310,-1354,-6,-48,168,55,-67,6081,-1598,2656,-12
300339,-1366,-85,126,98,-277,100,6063,-1607,2715,-12
300365,-1352,-85,79,69,82,135,5957,-1655,2725,-12
300392,-1383,-26,15,202,365,122,5982,-1713,2684,-12
300419,-1374,-49,12,194,244,80,6006,-1723,2614,-14
300447,-1369,-27,-14,77,-114,96,5946,-1759,2600,-12
300474,-1366,-56,43,65,-329,11,5914,-1778,2648,-14
300500,-1376,-54,87,58,-272,56,5924,-1798,2678,-14
300527,-1412,-39,64,-89,-118,70,5923,-1834,2741,-12
300556,-1374,13,80,-105,19,-64,5869,-1831,2760,-13
300601,-1372,-26,51,-203,-55,-56,5907,-1846,2758,-12
300630,-1380,-123,79,-467,159,-31,5917,-1812,2797,-12
300656,-1380,25,-4,-365,603,-46,5880,-1808,2755,-12
300683,-1368,-11,19,-86,280,-69,5892,-1818,2667,-12
300709,-1381,25,-10,-108,215,-64,5955,-1809,2651,-13
300738,-1369,-49,46,-123,55,-67,5947,-1791,2670,-13
300765,-1383,-40,12,8,317,-74,5929,-1796,2586,-13
300791,-1381,-16,-33,11,118,-66,5958,-1803,2563,-12
300818,-1370,-18,-8,-18,-131,-73,5983,-1797,2590,-13
300847,-1386,-3,48,-4,-170,-74,5906,-1809,2649,-12
300892,-1386,1,-33,42,59,-75,5968,-1801,2591,-13
300918,-1375,-20,15,53,-260,-83,5960,-1803,2639,-13
300947,-1377,-18,33,76,-284,-87,5890,-1806,2712,-13
300974,-1382,-31,38,68,27,-69,5912,-1826,2698,-13
301000,-1365,14,-29,78,-250,-77,5958,-1817,2675,-13
301027,-1359,-26,40,16,-495,-41,5876,-1786,2814,-13
301056,-1386,-48,135,74,-315,-56,5843,-1819,2842,-12
301082,-1371,-11,45,145,-532,-78,5874,-1848,2896,-12
301109,-1368,-144,212,12,-581,-75,5846,-1826,3064,-13
301137,-1415,13,139,-45,-461,-41,5777,-1823,3132,-13
301182,-1350,25,155,89,11,-50,5792,-1872,3197,-13
301209,-1368,-24,154,62,104,-85,5794,-1851,3187,-13
301238,-1369,-16,155,65,178,-88,5751,-1841,3162,-13
301264,-1358,4,120,58,130,-71,5767,-1868,3135,-13
301291,-1369,-26,79,54,111,-82,5850,-1851,3101,-12
301318,-1379,-37,164,31,26,-64,5804,-1847,3114,-13
301346,-1365,-17,131,49,106,-55,5758,-1843,3102,-13
301373,-1363,-14,106,30,5,-74,5834,-1870,3084,-13
301400,-1355,-10,144,3,-66,-71,5834,-1840,3105,-14
301426,-1378,-21,123,36,113,-68,5792,-1857,3110,-13
301473,-1361,-17,147,0,18,-62,5839,-1863,3086,-13
301500,-1376,-23,142,6,69,-34,5827,-1844,3083,-13
301529,-1357,-19,131,16,72,-55,5786,-1862,3060,-13
301555,-1357,-19,108,27,120,-64,5816,-1873,3050,-13
301582,-1364,-1,153,20,-57,-72,5846,-1871,3044,-13
301608,-1367,-19,139,57,126,-70,5790,-1851,3032,-14
301637,-1372,-6,95,60,248,-82,5786,-1869,2990,-13
301664,-1370,-24,124,59,183,-95,5841,-1880,2957,-13
301690,-1373,-9,101,69,211,-87,5874,-1850,2918,-13
301717,-1370,-9,50,50,157,-89,5828,-1835,2896,-13
301764,-1368,-24,65,75,308,-88,5861,-1877,2851,-13
301791,-1370,-13,27,38,238,-88,5875,-1823,2832,-13
301817,-1363,-21,64,1,-41,-79,5849,-1836,2806,-13
301846,-1383,-7,61,13,-18,-80,5854,-1862,2808,-13
301873,-1371,-12,37,-3,-125,-75,5908,-1829,2839,-14
301899,-1363,-25,138,-18,-231,-70,5858,-1826,2873,-13
301926,-1376,-10,91,37,116,-65,5837,-1849,2901,-13
301955,-1378,-13,46,21,90,-67,5894,-1859,2842,-13
301981,-1365,-19,114,6,15,-76,5909,-1846,2834,-13
302008,-1380,-19,70,76,313,-83,5861,-1832,2825,-13
302055,-1360,-11,46,18,17,-86,5924,-1859,2743,-13
302082,-1371,-28,55,-5,-58,-85,5903,-1845,2767,-13
302108,-1372,-19,55,-1,-91,-94,5865,-1846,2788,-13
302137,-1373,-11,51,11,-12,-92,5897,-1851,2790,-13
302163,-1368,-21,54,23,37,-98,5928,-1851,2790,-13
302190,-1372,-33,75,15,-8,-110,5902,-1822,2804,-12
302217,-1374,-24,62,10,-22,-76,5863,-1829,2803,-13
302245,-1369,-24,47,20,-37,-70,5914,-1839,2800,-13
302272,-1377,-17,68,18,-89,-67,5914,-1848,2811,-13
302299,-1366,-15,74,22,2,-62,5849,-1815,2821,-13
302346,-1358,-19,108,28,67,-72,5906,-1836,2827,-13
302372,-1378,-25,51,18,195,-74,5914,-1833,2574,-13
302399,-1379,-22,46,22,93,-75,5863,-1822,2786,-13
302428,-1383,-20,49,11,42,-71,5872,-1842,2755,-13
302454,-1362,-22,51,17,-21,-81,5934,-1832,2775,-12
302481,-1373,-26,65,16,45,-71,5885,-1820,2786,-14
302508,-1376,-11,51,23,44,-67,5852,-1824,2774,-14
302536,-1384,-17,48,18,9,-73,5936,-1843,2763,-13
302563,-1376,-24,77,26,20,-74,5921,-1814,2777,-13
302589,-1366,-21,34,25,120,-79,5883,-1806,2756,-14
302637,-1382,-21,43,29,19,-83,5937,-1834,2744,-13
302663,-1380,-23,47,24,45,-77,5914,-1814,2735,-13
302690,-1379,-23,36,38,57,-69,5895,-1807,2738,-13
302716,-1386,-22,45,22,-46,-80,5926,-1843,2729,-14
302745,-1368,-14,66,24,-43,-74,5950,-1837,2746,-14
302772,-1371,-22,47,37,70,-69,5914,-1808,2736,-14
302798,-1377,-20,39,28,77,-65,5877,-1819,2717,-15
302825,-1371,-24,42,3,-2,-72,5924,-1838,2709,-12
302854,-1373,-15,50,8,-25,-77,5942,-1824,2719,-13
302880,-1374,-36,39,21,-28,-77,5866,-1810,2753,-13
302927,-1370,-22,70,15,-56,-68,5925,-1843,2743,-13
302954,-1366,-23,53,14,33,-70,5934,-1821,2758,-12
302981,-1383,-25,50,13,37,-65,5869,-1828,2769,-12
303007,-1369,-20,55,19,14,-66,5899,-1835,2762,-13
303036,-1365,-33,56,22,34,-71,5927,-1839,2742,-13
303063,-1369,-32,58,16,77,-62,5886,-1807,2740,-13
303089,-1372,-21,43,13,45,-76,5881,-1832,2735,-11
303116,-1383,-16,39,25,-7,-79,5909,-1835,2731,-14
303144,-1384,-6,52,30,58,-73,5935,-1814,2750,-12
303171,-1367,-21,46,10,66,-59,5876,-1812,2744,-14
303216,-1371,-30,37,15,-11,-81,5932,-1836,2728,-14
303245,-1357,-27,49,20,12,-73,5917,-1818,2741,-13
303271,-1372,-15,42,18,20,-81,5867,-1806,2727,-13
303298,-1374,-17,40,22,0,-77,5928,-1838,2758,-13
303327,-1379,-26,59,23,16,-72,5935,-1826,2733,-13
303353,-1373,-17,31,12,44,-72,5918,-1807,2732,-14
303380,-1370,-25,47,16,-40,-71,5884,-1838,2746,-12
303407,-1358,-21,59,19,-5,-73,5938,-1836,2730,-14
303435,-1378,-17,57,12,9,-67,5944,-1834,2735,-12
303462,-1370,-25,49,14,5,-73,5862,-1827,2748,-12
303507,-1373,-17,38,16,18,-78,5934,-1846,2734,-12
303536,-1384,-18,58,9,-9,-65,5947,-1823,2739,-11
303562,-1363,-18,74,24,24,-72,5866,-1818,2755,-13
303589,-1366,-23,55,23,21,-81,5907,-1839,2748,-13
303616,-1374,-17,47,19,35,-70,5940,-1821,2746,-13
303644,-1378,-20,42,25,18,-80,5877,-1799,2735,-13
303671,-1361,-34,57,29,54,-75,5889,-1823,2737,-13
303697,-1365,-29,32,29,75,-62,5906,-1839,2707,-13
303724,-1379,-20,29,20,30,-78,5915,-1804,2716,-13
303753,-1362,-19,30,24,11,-79,5873,-1813,2715,-13
303798,-1384,-25,46,17,13,-73,5921,-1822,2715,-13
303826,-1379,-28,32,18,21,-65,5920,-1823,2731,-13
303853,-1378,-19,60,23,-6,-73,5874,-1818,2729,-13
303880,-1372,-28,61,16,3,-69,5885,-1844,2732,-12
303906,-1369,-17,42,31,70,-66,5932,-1825,2704,-13
303935,-1374,-23,36,20,28,-74,5901,-1796,2732,-13
303962,-1369,-22,51,16,-67,-76,5871,-1803,2710,-13
303988,-1383,-20,46,21,3,-73,5933,-1820,2720,-13
304015,-1384,-13,47,16,75,-65,5939,-1818,2714,-13
304044,-1377,-21,26,19,43,-75,5865,-1829,2756,-13
304089,-1377,-26,44,16,51,-75,5934,-1834,2689,-13
304117,-1379,-23,38,27,20,-76,5952,-1822,2715,-12
304144,-1372,-21,47,20,-26,-71,5874,-1820,2758,-12
304171,-1366,-23,33,21,21,-71,5903,-1841,2720,-12
304197,-1376,-16,44,21,61,-63,5950,-1833,2715,-12
304226,-1366,-30,38,14,95,-63,5885,-1795,2693,-14
304252,-1376,-23,20,26,44,-73,5886,-1820,2695,-14
304279,-1375,-18,46,30,-35,-71,5933,-1850,2698,-12
304306,-1371,-24,49,22,-17,-73,5920,-1808,2719,-14
304334,-1373,-26,29,7,87,-61,5900,-1808,2708,-12
304379,-1375,-19,37,21,47,-80,5937,-1847,2676,-13
304406,-1378,-25,22,17,4,-79,5921,-1823,2680,-13
304435,-1370,-35,39,21,-1,-77,5871,-1808,2673,-13
304461,-1373,-14,38,19,18,-82,5904,-1829,2680,-12
304488,-1368,-28,46,13,24,-77,5948,-1825,2674,-13
304515,-1375,-20,30,18,48,-73,5902,-1808,2687,-13
304543,-1372,-25,27,27,42,-77,5882,-1818,2672,-13
304570,-1372,-27,27,18,54,-79,5952,-1832,2669,-13
304596,-1373,-31,24,15,24,-74,5953,-1817,2656,-13
304625,-1387,-20,33,22,4,-79,5899,-1819,2671,-13
304670,-1369,-20,33,19,45,-69,5959,-1839,2667,-13
304697,-1375,-25,24,26,14,-72,5946,-1810,2653,-13
304726,-1373,-18,30,19,31,-75,5889,-1804,2668,-13
304752,-1368,-21,23,30,48,-80,5932,-1833,2639,-13
304779,-1368,-16,37,19,-3,-78,5962,-1833,2630,-13
304805,-1377,-24,24,20,47,-71,5934,-1822,2637,-13
304834,-1382,-17,22,29,22,-82,5894,-1836,2646,-12
304861,-1369,-27,40,24,-36,-86,5926,-1839,2637,-12
304887,-1359,-24,13,13,33,-80,5934,-1809,2645,-12
304914,-1362,-30,24,23,-10,-78,5888,-1817,2656,-13
304961,-1376,-16,29,29,-28,-77,5949,-1837,2645,-14
304988,-1374,-17,28,15,6,-72,5928,-1824,2692,-12
305016,-1377,-13,32,18,19,-64,5898,-1831,2663,-12
305043,-1389,-22,31,24,-44,-70,5911,-1844,2659,-12
305070,-1366,-23,26,11,-76,-72,5950,-1832,2688,-14
305096,-1378,-25,39,18,-51,-65,5900,-1810,2715,-13
305125,-1372,-23,48,21,-27,-76,5871,-1820,2712,-13
305152,-1372,-23,28,15,48,-67,5943,-1829,2691,-13
305178,-1366,-26,46,20,36,-70,5942,-1806,2691,-13
305205,-1370,-22,45,15,26,-74,5897,-1818,2704,-13
305252,-1378,-15,43,14,22,-74,5955,-1831,2683,-12
305278,-1365,-11,35,13,25,-76,5929,-1816,2688,-14
305305,-1379,-23,35,9,32,-68,5882,-1814,2697,-12
305334,-1360,-21,34,16,31,-69,5928,-1830,2694,-14
305360,-1376,-18,28,18,-11,-77,5955,-1826,2678,-14
305387,-1359,-16,44,27,-20,-71,5917,-1804,2684,-14
305414,-1379,-23,44,26,53,-74,5884,-1827,2678,-13
305442,-1382,-13,26,21,43,-68,5937,-1838,2683,-13
305469,-1360,-35,45,22,-7,-74,5953,-1827,2690,-13
305496,-1368,-10,32,25,16,-80,5878,-1819,2705,-12
305543,-1383,-21,44,10,39,-72,5943,-1827,2670,-12
305569,-1380,-18,25,17,27,-67,5960,-1823,2691,-12
305596,-1369,-36,41,24,9,-73,5887,-1838,2691,-12
305625,-1374,-38,40,21,-2,-68,5895,-1841,2689,-12
305651,-1376,-24,27,20,-22,-75,5956,-1837,2679,-13
305678,-1367,-25,50,21,18,-75,5903,-1818,2692,-12
305704,-1383,-24,47,25,91,-63,5878,-1815,2671,-14
305733,-1377,-19,33,29,51,-74,5925,-1835,2672,-14
305760,-1375,-10,24,20,22,-77,5956,-1810,2671,-12
305786,-1364,-22,31,24,-7,-73,5892,-1811,2673,-12
305833,-1368,-20,37,29,8,-73,5961,-1817,2710,-12
305860,-1379,-19,40,18,0,-65,5935,-1804,2676,-12
305887,-1372,-25,47,14,28,-71,5898,-1806,2681,-12
305915,-1376,-20,30,17,121,-67,5949,-1841,2645,-12
305942,-1371,-18,13,28,69,-77,5958,-1827,2649,-12
305969,-1373,-27,22,32,-25,-79,5916,-1818,2647,-14
305995,-1375,-17,40,20,-3,-76,5904,-1829,2658,-14
306024,-1375,-28,38,13,5,-69,5948,-1841,2657,-12
306051,-1382,-14,14,22,6,-77,5953,-1825,2650,-14
306077,-1369,-21,24,26,-7,-74,5889,-1815,2663,-12
306124,-1372,-21,26,17,111,-63,5948,-1837,2652,-13
306151,-1374,-28,10,28,78,-64,5955,-1809,2645,-12
306178,-1363,-29,19,23,3,-66,5897,-1830,2643,-13
306206,-1373,-29,32,24,-22,-73,5920,-1833,2646,-13
306233,-1376,-12,27,9,15,-75,5966,-1825,2634,-13
306259,-1371,-27,25,10,-15,-78,5896,-1807,2659,-13
306286,-1366,-15,37,20,3,-63,5895,-1819,2652,-13
306315,-1365,-20,16,20,30,-71,5931,-1838,2655,-13
306341,-1375,-28,18,18,18,-78,5934,-1804,2649,-13
306368,-1369,-28,28,35,-14,-74,5901,-1828,2651,-13
306415,-1388,-14,17,26,98,-60,5919,-1819,2653,-13
306442,-1369,-20,25,27,80,-70,5950,-1800,2647,-13
306468,-1380,-21,21,33,7,-79,5886,-1808,2642,-13
306495,-1377,-21,16,30,-24,-64,5912,-1828,2646,-14
306524,-1360,-13,36,21,-102,-72,5952,-1824,2648,-14
306550,-1371,-24,35,16,23,-71,5918,-1798,2677,-12
306577,-1356,-18,35,15,4,-65,6138,-1846,2680,-12
306606,-1368,-30,32,13,30,-66,5954,-1827,2670,-12
306632,-1367,-21,45,10,-8,-68,5958,-1825,2658,-12
306659,-1390,-23,19,15,74,-54,5889,-1823,2671,-12
306706,-1369,-27,14,23,59,-67,5962,-1829,2639,-12
306733,-1372,-19,25,22,-24,-76,5952,-1812,2647,-14
306759,-1375,-20,39,18,4,-72,5887,-1823,2661,-14
306786,-1374,-24,15,33,38,-74,5921,-1837,2636,-12
306814,-1378,-18,32,15,8,-68,5971,-1823,2641,-12
306841,-1370,-31,42,26,9,-78,5890,-1813,2662,-13
306868,-1362,-9,25,21,12,-80,5887,-1813,2653,-13
306894,-1376,-36,29,26,23,-74,5923,-1830,2660,-12
306923,-1377,-16,6,17,78,-63,5937,-1801,2634,-13
306950,-1371,-22,19,19,51,-63,5893,-1818,2635,-13
306997,-1379,-26,25,27,9,-73,5945,-1838,2641,-13
307023,-1377,-13,32,23,4,-74,5920,-1804,2645,-13
307050,-1376,-24,31,18,38,-67,5879,-1805,2656,-13
307077,-1379,-30,20,17,-6,-74,5908,-1835,2640,-13
307105,-1373,-17,37,23,3,-83,5953,-1811,2634,-13
307132,-1369,-27,21,15,107,-64,5915,-1812,2632,-13
307159,-1355,-26,8,24,60,-68,5894,-1809,2636,-13
307185,-1366,-16,10,27,30,-72,5961,-1835,2607,-13
307214,-1365,-28,22,21,-16,-74,5957,-1824,2600,-13
307240,-1378,-27,27,21,-8,-71,5910,-1808,2621,-13
307288,-1371,-21,14,26,-25,-75,5965,-1825,2628,-12
307314,-1377,-17,32,26,0,-67,5948,-1803,2632,-12
307341,-1359,-28,30,24,9,-78,5893,-1794,2645,-12
307367,-1380,-5,19,16,15,-76,5921,-1840,2621,-13
307396,-1382,-21,24,10,-58,-67,5957,-1822,2645,-12
307423,-1376,-22,28,16,19,-65,5894,-1820,2675,-12
307449,-1384,-25,38,17,-29,-78,5896,-1836,2654,-12
307476,-1379,-22,22,15,-6,-67,5939,-1843,2653,-12
307505,-1384,-16,24,14,-2,-71,5933,-1810,2674,-12
307531,-1383,-22,40,20,28,-70,5882,-1816,2684,-13
307576,-1371,-13,27,25,11,-68,5933,-1844,2654,-13
307605,-1373,-22,42,27,-5,-70,5913,-1816,2676,-12
307632,-1374,-24,24,16,27,-66,5883,-1816,2666,-13
307658,-1377,-24,29,24,-15,-70,5893,-1827,2668,-13
307685,-1372,-22,23,22,36,-69,5960,-1825,2665,-13
307714,-1383,-16,33,18,19,-66,5901,-1801,2683,-13
307740,-1381,-19,32,10,17,-59,5885,-1820,2663,-13
307767,-1374,-16,35,36,1,-77,5953,-1829,2655,-14
307795,-1363,-23,19,17,49,-69,5945,-1817,2653,-12
307822,-1371,-12,36,27,-17,-72,5901,-1813,2670,-12
307867,-1371,-26,32,29,32,-76,5953,-1828,2642,-13
307896,-1377,-19,12,28,44,-73,5942,-1819,2648,-12
307922,-1384,-11,38,17,19,-68,5905,-1822,2658,-12
307949,-1378,-18,20,13,27,-69,5937,-1838,2626,-12
307976,-1368,-33,40,13,28,-81,5962,-1832,2637,-13
308004,-1377,-16,11,17,66,-59,5930,-1816,2628,-13
308031,-1375,-20,21,28,16,-80,5900,-1842,2642,-13
308058,-1372,-11,25,11,-4,-74,5960,-1826,2621,-13
308084,-1366,-17,20,24,11,-69,5960,-1823,2630,-11
308113,-1368,-15,30,14,-8,-70,5887,-1807,2636,-13
308158,-1370,-17,20,26,24,-76,5955,-1836,2608,-13
308187,-1371,-16,25,11,36,-70,5954,-1813,2635,-13
308213,-1377,-25,37,14,-19,-73,5885,-1815,2637,-13
308240,-1374,-30,22,26,-15,-77,5910,-1831,2647,-13
308267,-1384,-17,29,20,36,-70,5952,-1800,2648,-13
308295,-1367,-31,28,16,38,-66,5920,-1798,2657,-13
308322,-1369,-16,29,12,50,-65,5896,-1823,2632,-13
308348,-1369,-16,4,19,33,-75,5965,-1818,2628,-13
308375,-1371,-28,14,24,2,-78,5955,-1806,2637,-13
308404,-1365,-16,29,22,-11,-78,5905,-1810,2652,-11
308449,-1371,-22,13,28,22,-73,5962,-1822,2624,-14
308477,-1372,-23,35,21,11,-76,5936,-1809,2626,-13
308504,-1367,-16,20,16,19,-76,5900,-1815,2642,-13
308531,-1391,-20,18,19,8,-80,5938,-1825,2638,-13
308557,-1377,-23,14,31,-18,-78,5958,-1828,2623,-12
308586,-1371,-31,18,22,46,-72,5936,-1807,2650,-14
308613,-1375,-23,30,23,39,-67,5912,-1827,2619,-13
308639,-1368,-25,21,20,14,-79,5935,-1830,2623,-14
308666,-1384,-21,18,15,22,-78,5967,-1823,2630,-14
308695,-1388,-24,15,27,27,-72,5894,-1808,2630,-14
308740,-1377,-21,16,24,21,-77,5957,-1825,2612,-14
308766,-1363,-13,14,11,15,-73,5966,-1824,2618,-13
308795,-1372,-17,23,14,25,-67,5885,-1822,2624,-13
308822,-1377,-33,14,24,26,-80,5912,-1837,2607,-13
308848,-1367,-22,8,33,16,-73,5962,-1842,2627,-13
308875,-1369,-14,33,22,16,-77,5923,-1797,2630,-13
308903,-1371,-20,25,20,32,-79,5888,-1816,2633,-13
308930,-1366,-21,20,14,31,-73,5919,-1825,2604,-13
308957,-1376,-20,8,17,12,-69,5962,-1810,2617,-13
308985,-1376,-30,14,18,9,-72,5914,-1799,2625,-13
309030,-1374,-32,28,19,6,-73,5930,-1854,2596,-14
309057,-1379,-16,17,23,-12,-73,5942,-1810,2621,-14
309086,-1377,-22,30,15,5,-74,5895,-1815,2649,-12
309112,-1369,-23,15,22,34,-72,5937,-1837,2624,-12
309139,-1369,-18,24,14,40,-73,5958,-1835,2612,-13
309166,-1368,-21,15,22,20,-72,5942,-1809,2621,-13
309194,-1388,-17,6,16,8,-71,5905,-1835,2606,-12
309221,-1372,-21,15,21,4,-70,5963,-1841,2613,-12
309248,-1377,-20,15,23,7,-70,5967,-1847,2625,-12
309274,-1383,-24,5,29,7,-80,5885,-1820,2635,-12
309321,-1375,-20,27,22,-2,-75,5950,-1837,2644,-12
309348,-1373,-22,9,20,-17,-61,5957,-1822,2629,-13
309377,-1374,-16,21,27,-6,-72,5877,-1817,2635,-13
309403,-1362,-20,20,21,8,-73,5905,-1833,2640,-13
309430,-1380,-23,13,22,21,-74,5974,-1834,2639,-12
309456,-1376,-28,25,13,4,-70,5915,-1806,2661,-12
309485,-1374,-33,23,19,9,-72,5879,-1815,2646,-14
309512,-1378,-25,19,24,30,-67,5916,-1836,2622,-14
309538,-1378,-24,9,17,10,-68,5940,-1806,2628,-13
309565,-1374,-25,17,27,7,-72,5908,-1814,2641,-13
309612,-1379,-11,28,30,9,-69,5928,-1838,2646,-13
309639,-1365,-29,24,18,28,-69,5947,-1811,2636,-14
309667,-1368,-16,20,22,47,-65,5901,-1822,2633,-12
309694,-1380,-18,13,14,39,-69,5897,-1823,2647,-12
309721,-1364,-19,22,19,-4,-75,5959,-1822,2632,-12
309747,-1364,-13,19,20,-3,-73,5930,-1813,2638,-12
309776,-1378,-10,20,17,12,-72,5910,-1827,2637,-13
309803,-1376,-12,23,15,-12,-70,5939,-1819,2628,-13
309829,-1361,-38,27,20,-28,-69,5963,-1816,2644,-13
309856,-1366,-16,12,23,39,-73,5887,-1818,2638,-13
309903,-1391,-20,18,20,25,-77,5968,-1831,2618,-14
309929,-1380,-14,6,25,5,-74,5956,-1810,2645,-13
309956,-1371,-26,23,19,24,-72,5887,-1817,2633,-15
309985,-1374,-29,14,23,69,-58,5917,-1827,2624,-13
310011,-1378,-20,27,19,2,-66,5956,-1839,2597,-13
310038,-1385,-18,24,21,22,-65,5908,-1816,2632,-12
310067,-1368,-20,19,28,69,-68,5895,-1806,2630,-13
310093,-1372,-29,10,19,14,-74,5918,-1830,2599,-13
310120,-1375,-18,8,21,11,-72,5962,-1805,2614,-12
310147,-1370,-21,15,19,37,-64,5913,-1808,2618,-12
310194,-1371,-16,12,12,34,-70,5944,-1841,2614,-12
310220,-1369,-16,15,19,30,-76,5941,-1809,2606,-12
310247,-1370,-17,18,31,31,-73,5910,-1812,2619,-12
310276,-1379,-36,17,19,6,-77,5903,-1831,2604,-12
310302,-1377,-25,18,27,-21,-81,5970,-1827,2610,-13
310329,-1370,-21,29,30,5,-81,5934,-1816,2609,-13
310355,-1375,-18,15,24,40,-77,5891,-1808,2611,-13
310384,-1372,-14,15,24,4,-75,5951,-1828,2601,-13
310411,-1379,-25,30,17,30,-80,5969,-1805,2622,-12
310437,-1383,-17,12,7,42,-73,5932,-1822,2613,-13
310484,-1387,-10,0,17,53,-66,5956,-1829,2583,-13
310511,-1372,-20,-1,11,-6,-73,5968,-1814,2601,-13
310538,-1367,-17,17,21,-22,-76,5925,-1811,2618,-13
310566,-1374,-20,21,17,8,-68,5920,-1822,2600,-13
310593,-1385,-6,8,22,-15,-77,5972,-1819,2594,-13
310620,-1386,-31,26,9,-28,-68,5911,-1810,2598,-13
310646,-1370,-16,37,23,9,-71,5901,-1822,2629,-12
310675,-1375,-28,18,17,-3,-69,5944,-1841,2606,-12
310702,-1381,-26,28,19,8,-63,5950,-1813,2631,-13
310728,-1376,-21,32,25,-1,-72,5909,-1804,2643,-13
310775,-1364,-25,13,29,107,-68,5943,-1823,2615,-13
310802,-1372,-23,13,16,85,-70,5944,-1804,2606,-13
310829,-1377,-28,1,18,58,-66,5899,-1811,2596,-13
310857,-1366,-33,4,22,-11,-83,5904,-1839,2606,-13
310884,-1383,-21,10,23,-40,-78,5969,-1827,2617,-13
310910,-1367,-21,15,15,-1,-76,5937,-1807,2612,-13
310937,-1378,-22,13,26,12,-72,5910,-1804,2618,-13
310966,-1382,-19,5,23,14,-75,5962,-1832,2595,-13
310992,-1375,-27,14,19,10,-70,5983,-1842,2607,-13
311019,-1376,-27,16,6,-2,-77,5925,-1804,2605,-13
311066,-1370,-28,3,19,27,-72,5974,-1831,2601,-12
311093,-1366,-19,10,24,20,-79,5971,-1813,2607,-12
311119,-1367,-10,4,19,12,-66,5920,-1816,2628,-12
311146,-1374,-27,19,14,20,-65,5929,-1825,2601,-13
311175,-1371,-30,6,23,26,-77,5960,-1828,2599,-13
311201,-1377,-26,15,22,22,-70,5963,-1814,2612,-12
311228,-1370,-28,18,8,32,-71,5890,-1812,2594,-13
311257,-1372,-21,11,22,-9,-78,5926,-1832,2616,-13
311283,-1374,-31,14,21,4,-78,5964,-1816,2609,-12
311310,-1370,-28,12,22,10,-73,5912,-1812,2630,-12
311357,-1379,-22,10,18,-12,-69,5950,-1824,2620,-12
311384,-1378,-29,6,14,-23,-72,5974,-1829,2600,-13
311410,-1371,-18,32,15,7,-68,5885,-1809,2618,-13
311437,-1380,-22,5,14,29,-77,5912,-1827,2610,-13
311465,-1374,-28,20,15,19,-80,5967,-1820,2612,-12
311492,-1383,-19,11,22,18,-70,5942,-1811,2615,-13
311519,-1377,-24,16,8,-23,-70,5898,-1815,2622,-13
311545,-1378,-27,29,16,-19,-68,5961,-1852,2624,-13
311574,-1382,-24,17,23,25,-69,5970,-1817,2616,-13
311601,-1374,-24,19,20,30,-75,5909,-1813,2628,-13
311648,-1380,-6,33,15,-26,-75,5955,-1828,2627,-13
311674,-1356,-24,25,21,19,-64,5961,-1824,2624,-13
311701,-1375,-13,8,25,76,-60,5902,-1804,2618,-14
311728,-1372,-23,4,14,33,-67,5920,-1838,2603,-14
311756,-1364,-20,18,14,-18,-69,5975,-1828,2620,-12
311783,-1376,-24,34,18,-13,-65,5941,-1816,2623,-14
311810,-1377,-20,19,20,7,-77,5883,-1822,2638,-12
311836,-1367,-25,23,21,28,-66,5931,-1831,2622,-12
311865,-1367,-14,6,18,36,-64,5964,-1835,2627,-12
311891,-1373,-29,9,22,28,-65,5894,-1808,2621,-12
311939,-1376,-27,15,19,12,-77,5947,-1841,2621,-13
311965,-1369,-11,17,20,19,-74,5962,-1827,2603,-13
311992,-1372,-28,32,22,19,-74,5894,-1810,2633,-12
312018,-1378,-16,9,21,57,-72,5917,-1830,2633,-12
312047,-1378,-26,17,22,-2,-71,5944,-1833,2613,-14
312074,-1376,-27,18,21,10,-82,5922,-1818,2620,-13
312100,-1378,-16,19,20,34,-62,5889,-1806,2622,-13
312127,-1381,-28,21,22,28,-68,5981,-1842,2638,-13
312156,-1376,-30,11,21,27,-71,5972,-1833,2617,-12
312182,-1380,-9,3,15,-6,-75,5920,-1813,2618,-12
312227,-1371,-27,11,29,-28,-73,5965,-1840,2594,-13
312256,-1387,-15,25,21,-46,-76,5943,-1827,2636,-13
312283,-1371,-26,36,25,11,-73,5905,-1816,2630,-13
312309,-1380,-21,20,21,30,-71,5933,-1827,2635,-13
312336,-1368,-19,30,19,2,-65,5961,-1817,2631,-13
312365,-1383,-12,23,24,9,-73,5955,-1812,2645,-11
312391,-1367,-23,27,24,4,-72,5893,-1833,2635,-11
312418,-1385,-16,23,19,1,-73,5929,-1827,2632,-13
312446,-1368,-21,29,18,34,-74,5963,-1835,2639,-13
312473,-1375,-34,26,22,30,-73,5903,-1822,2641,-13
312518,-1363,-16,19,23,9,-72,5942,-1840,2619,-13
312547,-1376,-10,16,24,36,-71,5967,-1823,2607,-13
312573,-1372,-18,15,18,42,-70,5895,-1810,2621,-11
312600,-1367,-21,18,15,32,-68,5915,-1842,2607,-13
312627,-1376,-27,8,16,59,-64,5953,-1839,2598,-13
312655,-1365,-25,21,17,0,-70,5938,-1801,2626,-13
312682,-1375,-25,20,35,-9,-75,5904,-1824,2629,-13
312709,-1385,-19,25,20,14,-71,5910,-1831,2599,-14
312735,-1377,-4,17,17,2,-73,5966,-1825,2633,-12
312764,-1373,-23,29,8,-13,-67,5912,-1811,2616,-13
312809,-1381,-27,15,26,26,-71,5912,-1842,2620,-13
312838,-1385,-17,20,23,42,-71,5965,-1816,2611,-13
312864,-1380,-23,21,25,43,-69,5914,-1822,2641,-12
312891,-1366,-26,21,14,33,-73,5898,-1821,2620,-13
312918,-1370,-26,16,15,26,-68,5959,-1841,2604,-13
312946,-1382,-15,16,25,4,-74,5943,-1812,2615,-13
312973,-1378,-20,18,20,5,-72,5894,-1826,2611,-13
312999,-1375,-13,18,16,37,-67,5944,-1846,2601,-13
313026,-1380,-20,7,23,23,-78,5964,-1831,2604,-13
313055,-1380,-27,21,18,16,-75,5893,-1809,2610,-13
313100,-1383,-15,-1,16,13,-73,5957,-1830,2603,-13
313128,-1378,-16,17,24,25,-74,5974,-1825,2610,-13
313155,-1377,-31,5,29,40,-74,5890,-1796,2603,-13
313182,-1370,-17,15,11,7,-67,5902,-1819,2608,-14
313208,-1372,-22,18,19,3,-71,5954,-1848,2598,-14
313237,-1378,-28,21,17,14,-69,5928,-1792,2617,-12
313264,-1383,-27,10,24,-27,-74,5884,-1805,2610,-13
313290,-1391,-2,22,24,15,-77,5906,-1832,2611,-13
313317,-1372,-26,14,21,46,-71,5961,-1818,2607,-12
313346,-1373,-20,5,17,26,-73,5929,-1819,2614,-12
313391,-1385,-24,21,23,17,-73,5915,-1831,2591,-13
313417,-1381,-21,12,23,26,-69,5971,-1815,2592,-12
313446,-1376,-29,11,29,46,-69,5912,-1814,2608,-12
313473,-1376,-22,12,19,58,-63,5891,-1822,2603,-12
313499,-1371,-38,13,12,22,-64,5983,-1829,2586,-12
313528,-1372,-22,5,13,-24,-60,5948,-1818,2591,-12
313554,-1383,-13,-3,17,-31,-69,5913,-1802,2624,-12
313581,-1383,13,-5,-60,23,-66,5943,-1855,2581,-12
313608,-1366,-33,25,-182,587,4,5970,-1838,2560,-12
313636,-1633,-19,15,-23,33,109,5960,-1818,2516,-12
313681,-1342,25,-53,-166,12,141,5901,-1957,2579,-12
313708,-1369,-23,0,-339,25,-258,5929,-1927,2618,-12
313737,-1667,24,40,-239,287,-372,5935,-1867,2572,-12
313763,-1547,6,19,50,104,-178,5952,-1836,2591,-12
313790,-1936,-25,264,350,-33,350,6016,-1867,2574,-12
313817,-1672,21,123,529,-338,1113,5880,-2132,2650,-12
313845,-1157,15,231,323,218,-461,5843,-2182,2615,-12
313872,-2028,102,269,446,-213,-250,5923,-2166,2585,-12
313899,-1787,25,292,657,-557,902,5903,-2356,2638,-12
313927,-1161,-102,73,780,-823,984,5747,-2529,2725,-13
313972,-1889,175,308,297,-115,242,5646,-2784,2797,-13
313999,-1894,114,276,659,-242,672,5579,-2978,2805,-13
314028,-1268,-76,-96,750,-865,1253,5393,-3144,2849,-12
314054,-1490,98,23,253,-512,910,5242,-3342,2885,-12
314081,-1845,363,292,-186,-654,950,5070,-3624,3123,-14
314107,-1631,243,465,11,-815,1570,4839,-3803,3255,-14
314136,-961,158,440,92,-1117,1926,4532,-4013,3351,-14
314163,-1077,333,447,261,-1389,1773,3953,-4502,3628,-14
314189,-918,392,447,516,-1538,1763,3657,-4699,3730,-14
314216,-585,409,377,600,-1420,1652,3325,-4873,3813,-14
314263,-493,516,442,828,-1306,849,2532,-5320,3890,-13
314290,-844,614,320,1005,-1300,562,2376,-5401,3833,-13
314318,-868,618,103,1065,-976,429,2218,-5448,3771,-13
314345,-810,697,16,802,-870,371,1981,-5598,3640,-12
314372,-843,711,12,195,-886,375,1891,-5651,3653,-12
314398,-880,850,176,-109,-656,364,1788,-5656,3714,-12
314427,-1017,868,389,-245,-880,453,1533,-5650,3828,-12
314454,-939,866,616,-218,-1099,659,1387,-5695,3920,-12
314480,-1017,948,435,337,-1048,579,1080,-5788,3994,-12
314509,-1002,847,117,319,-1070,666,916,-5780,3920,-13
314554,-620,928,704,-1075,-250,1044,497,-5852,4085,-13
314580,-696,956,852,-937,-162,878,161,-5784,4356,-13
314609,-85,889,499,-392,-527,971,-50,-5726,4412,-13
314636,166,931,773,-697,-239,447,-187,-5702,4511,-13
314662,-123,1020,908,-627,-85,-659,-55,-5652,4693,-13
314689,-863,1037,961,-145,136,-1088,104,-5571,4713,-13
314718,-782,858,412,299,-91,-752,237,-5509,4674,-13
314744,-435,993,429,-612,-97,-521,399,-5489,4725,-13
314771,-607,1100,1356,-1097,-448,-649,489,-5397,4864,-13
314800,-237,1063,1413,122,-965,-791,526,-5296,4944,-13
314845,-1238,1181,456,1267,227,-1216,935,-5413,4591,-13
314871,-1206,977,358,214,26,-281,1034,-5394,4496,-14
314900,-552,1178,822,-808,260,-104,1024,-5336,4507,-14
314927,-739,1135,1519,-1061,-420,-374,1081,-5183,4780,-13
314953,-717,1015,1465,-230,-608,-408,1095,-5167,4865,-13
314980,-660,928,904,631,-250,-471,1100,-5185,4849,-13
315009,-701,1016,767,341,175,-622,1189,-5165,4732,-13
315035,-851,908,949,-310,187,-631,1289,-5168,4754,-13
315062,-953,789,912,-353,15,-346,1372,-5139,4833,-13
315090,-946,722,1121,-254,556,96,1373,-5075,4880,-13
315136,-587,511,677,363,-111,683,1212,-5206,4834,-14
315162,-343,636,638,-20,-66,543,1073,-5278,4847,-12
315191,-563,744,810,-114,7,305,884,-5270,4875,-13
315217,-685,748,764,49,-40,256,833,-5291,4886,-12
315244,-633,700,635,98,-112,368,703,-5370,4889,-13
315271,-428,725,639,-98,-74,413,600,-5361,4910,-13
315299,-446,753,803,-213,-85,348,493,-5331,4940,-13
315326,-487,815,907,-140,-81,305,364,-5380,5012,-13
315353,-489,840,826,-40,-32,260,311,-5382,5016,-13
315381,-512,874,811,-103,24,210,252,-5348,5036,-13
315426,-707,933,1232,-323,52,181,139,-5343,5139,-12
315453,-604,976,1385,179,-191,429,57,-5350,5161,-12
315482,-482,912,1117,656,-237,450,-56,-5374,5095,-12
315508,-443,871,931,938,-226,389,-275,-5540,4884,-13
315535,-497,908,804,882,-287,359,-359,-5651,4814,-12
315561,-541,914,661,781,-161,396,-449,-5694,4708,-14
315590,-452,915,608,636,-96,532,-677,-5756,4511,-14
315617,-341,933,605,486,-20,479,-754,-5832,4465,-14
315643,-379,946,759,368,-71,479,-859,-5890,4448,-12
315672,-249,963,652,412,-158,476,-1059,-5870,4340,-12
315717,-202,999,593,213,-154,246,-1216,-5932,4278,-12
315744,-287,1055,711,32,-193,186,-1278,-5957,4282,-14
315772,-263,1090,797,74,-187,233,-1394,-5887,4250,-14
315799,-276,1094,816,140,-179,229,-1469,-5916,4232,-14
315826,-182,1067,700,184,-202,237,-1522,-5936,4227,-14
315852,-159,1056,771,69,-198,157,-1639,-5927,4211,-14
315881,-189,1054,780,52,-73,32,-1678,-5896,4180,-14
315908,-267,1062,746,125,-73,9,-1717,-5904,4164,-14
315934,-331,1077,685,125,-50,18,-1727,-5967,4149,-12
315961,-264,1083,749,33,-85,94,-1767,-5934,4136,-14
316008,-196,1083,754,79,-64,30,-1835,-5923,4136,-14
316035,-195,1088,717,112,-37,37,-1888,-5954,4126,-14
316063,-76,1105,740,69,20,85,-1906,-5922,4106,-14
316090,-47,1114,761,48,42,-11,-1957,-5935,4095,-13
316116,-102,1144,894,58,-53,-123,-1949,-5955,4092,-14
316143,-228,1105,793,176,-42,-213,-1932,-5966,4071,-14
316172,-299,1079,680,236,3,-173,-1890,-5938,3982,-13
316198,-245,1071,625,117,17,-103,-1887,-5973,3984,-13
316225,-192,1095,772,-11,-46,-12,-1877,-6008,4012,-13
316252,-159,1107,732,73,-38,-20,-1900,-5940,3993,-13
316299,-256,1131,719,30,34,-92,-1913,-5983,3972,-14
316325,-231,1080,669,36,-12,-33,-1911,-6015,3983,-12
316352,-120,1099,664,-76,-50,-52,-1936,-5940,3971,-12
316381,-188,1128,784,-131,-24,-151,-1900,-5926,3986,-14
316407,-305,1106,763,-44,-80,-117,-1901,-5976,4017,-12
316434,-206,1121,761,-11,-49,-13,-1908,-5944,4045,-13
316463,-133,1127,802,-29,14,19,-1945,-5916,4037,-13
316489,-154,1093,773,37,10,-27,-1959,-5913,4030,-13
316516,-164,1105,693,120,-21,-40,-1978,-5982,4028,-13
316542,-187,1118,716,-1,45,-67,-1958,-5945,4027,-13
